nose_x,nose_y,nose_z,left_eye_x,left_eye_y,left_eye_z,right_eye_x,right_eye_y,right_eye_z,left_ear_x,left_ear_y,left_ear_z,right_ear_x,right_ear_y,right_ear_z,left_shoulder_x,left_shoulder_y,left_shoulder_z,right_shoulder_x,right_shoulder_y,right_shoulder_z,left_elbow_x,left_elbow_y,left_elbow_z,right_elbow_x,right_elbow_y,right_elbow_z,left_wrist_x,left_wrist_y,left_wrist_z,right_wrist_x,right_wrist_y,right_wrist_z,left_pinky_x,left_pinky_y,left_pinky_z,right_pinky_x,right_pinky_y,right_pinky_z,left_index_x,left_index_y,left_index_z,right_index_x,right_index_y,right_index_z,Left_hip_x,Left_hip_y,Left_hip_z,Right_hip_x,Right_hip_y,Right_hip_z,Left_knee_x,Left_knee_y,Left_knee_z,Right_knee_x,Right_knee_y,Right_knee_z,Left_ankle_x,Left_ankle_y,Left_ankle_z,Right_ankle_x,Right_ankle_y,Right_ankle_z,Left_heel_x,Left_heel_y,Left_heel_z,Right_heel_x,Right_heel_y,Right_heel_z,Left_foot_x,Left_foot_y,Left_foot_z,Right_foot_x,Right_foot_y,Right_foot_z,Action_Label,ASD_Label
0.3056341409683227,0.2937122583389282,0.2912806868553161,0.271605372428894,0.244203969836235,0.2179078608751296,0.4406139850616455,0.3583237826824188,0.4473231136798858,0.4167480170726776,0.3651049435138702,0.2649776637554168,0.1319032460451126,0.3496016263961792,0.1751709282398224,0.1223253980278968,0.1011822000145912,0.1008132845163345,0.1005330681800842,0.1009444817900657,0.1048924550414085,0.0992912277579307,0.1071071252226829,0.1048924550414085,0.1416557878255844,0.1407772898674011,0.2267160713672637,0.2161848247051239,0.3576126098632812,0.3893641829490661,0.2722548544406891,0.3029904961585998,0.2422803342342376,0.2731159031391144,0.2262858599424362,0.2543571293354034,0.2358463555574416,0.2628917992115021,0.5100728869438171,0.518335223197937,0.7008813619613647,0.722923219203949,0.8612664341926575,0.9089940190315248,0.886458694934845,-0.3757555782794952,-0.4853996336460113,-0.5871763229370117,-0.4855009615421295,-0.0898884385824203,-0.5871763229370117,-0.2982317507266998,-0.4410967826843261,0.2207712233066558,-0.6750497817993164,-0.022051403298974,-0.5769087076187134,-0.7909780144691467,-0.1320385336875915,-0.912182867527008,-0.1266419887542724,-0.8764094710350036,-0.1466481536626815,-0.8060727715492249,-0.1168274208903312,0.2443538308143616,-0.2446103692054748,0.5520259737968445,-0.0139129292219877,1.0520421266555786,0.3569282591342926,1.0892643928527832,0.3831294178962708,0.8913737535476685,0.0725580677390098,5,1
0.3038804829120636,0.2929807305335998,0.2906179428100585,0.2704256176948547,0.241482987999916,0.2165563851594925,0.4890713989734649,0.3782355487346648,0.5141693353652954,0.485605776309967,0.3977344036102295,0.2727607190608978,0.1329434365034103,0.3469971418380737,0.1751435548067093,0.1225302219390869,0.1011929363012313,0.1008167043328285,0.1005370393395423,0.1009971275925636,0.1049965620040893,0.099427655339241,0.1070441752672195,0.1049965620040893,0.1419648826122284,0.1411146521568298,0.2252251803874969,0.2161847352981567,0.3516028225421905,0.3905058205127716,0.278703898191452,0.32296222448349,0.2535877525806427,0.3038980066776276,0.2400331795215606,0.2836903929710388,0.2476138323545456,0.2887810170650482,0.5108242630958557,0.5194481611251831,0.7019709348678589,0.7239351272583008,0.8588955998420715,0.9091919064521788,0.8807181119918822,-0.3122000098228454,-0.4157556295394897,-0.5329246520996094,-0.4159550070762633,-0.0650629177689552,-0.5329246520996094,-0.2424449324607848,-0.3771308362483977,0.231429859995842,-0.6210023760795593,0.1921156346797943,-0.5756734013557434,-0.3300581574440002,-0.2829257249832153,-0.4210416078567505,-0.3043780326843261,-0.4287139475345612,-0.3120511174201965,-0.3552883267402649,-0.2686835527420044,0.2229858189821243,-0.2227745652198791,0.4188206493854522,-0.0045727058313786,0.8983702659606932,0.4133149087429047,0.9352547526359558,0.4457950294017792,0.7374427914619447,0.1434432715177536,5,1
0.3035077452659607,0.2928118109703064,0.2904660403728484,0.2701402008533478,0.2403601557016372,0.2165093272924423,0.4824270009994506,0.4145266711711884,0.523777186870575,0.5041643977165222,0.4480940997600555,0.2769163250923157,0.1367971897125244,0.3444172143936156,0.1748327612876892,0.1232625246047973,0.1013914495706558,0.1009647846221923,0.1006597429513931,0.1013384461402893,0.1055706515908241,0.0999772399663925,0.1072086542844772,0.1055706515908241,0.1431945860385894,0.1425313353538513,0.2235438823699951,0.2161885052919388,0.346466988325119,0.3905050158500671,0.3057495951652527,0.3436008393764496,0.2927188277244568,0.3327213227748871,0.2835405468940735,0.31107297539711,0.2879026532173157,0.3126188218593597,0.511930286884308,0.5206848978996277,0.7019749879837036,0.7247014045715331,0.8578612208366394,0.9082907438278198,0.8803802728652954,-0.3464824855327606,-0.44134920835495,-0.5923007130622864,-0.4415211677551269,-0.1330998092889785,-0.5923007130622864,-0.2842860221862793,-0.4119889438152312,0.1563824117183685,-0.6934137344360352,0.2935236394405365,-0.6534498333930969,-0.0223032403737306,-0.4113019406795501,-0.0763756558299064,-0.4521369934082031,-0.140714630484581,-0.4549610614776611,-0.066255122423172,-0.3995541334152221,0.2223884612321853,-0.2222170233726501,0.5606653094291687,0.0833098441362381,0.9864851832389832,0.5539646744728088,1.0360554456710815,0.5908933281898499,0.8382279872894286,0.2991493046283721,5,1
0.3023279309272766,0.2916052043437958,0.289347380399704,0.2680448889732361,0.2393606156110763,0.2155796736478805,0.4898365139961242,0.4262567162513733,0.543984591960907,0.5316900610923767,0.4674093425273895,0.2807101011276244,0.1402741074562072,0.3398535549640655,0.1741635650396347,0.1233773082494735,0.101425789296627,0.1009830608963966,0.1006717234849929,0.1014439836144447,0.105854831635952,0.1002174168825149,0.1072394698858261,0.105854831635952,0.1434026956558227,0.1429873555898666,0.2233566343784332,0.2161994874477386,0.3480639457702636,0.3904907703399657,0.3508759438991546,0.3671279549598694,0.3487604558467865,0.3623356819152832,0.3345662653446197,0.3429453372955322,0.3372288048267364,0.3449167609214782,0.5143171548843384,0.5225362181663513,0.7020530700683594,0.7255940437316895,0.8579192161560057,0.90815007686615,0.8804929852485656,-0.3785167336463928,-0.4663825631141663,-0.5944737792015076,-0.4666516482830048,-0.1552603989839553,-0.5944737792015076,-0.3169159293174744,-0.4367972016334533,0.1422653645277023,-0.702333390712738,0.3955061733722687,-0.6906195282936096,0.1857131272554397,-0.5634040236473083,0.1374798417091369,-0.6316378712654114,0.0428257510066032,-0.6384176015853882,0.13188536465168,-0.559324324131012,0.223769724369049,-0.2235791683197021,0.5889150500297545,0.0698970705270767,1.0229934453964231,0.5358272790908812,1.0685186386108398,0.5712054371833801,0.867402970790863,0.2687079310417175,5,1
0.3018907606601715,0.2912777364253998,0.289099782705307,0.2673115134239197,0.2393598705530166,0.2151246964931488,0.4990971982479096,0.4136402904987335,0.5581710934638977,0.5471983551979065,0.4628447592258453,0.2850337624549866,0.141978308558464,0.3318846523761748,0.1727920174598693,0.1234137266874313,0.1015118509531021,0.1010483056306838,0.1007264256477356,0.1015981435775756,0.1059453040361404,0.1004694253206253,0.1072440892457962,0.1059453040361404,0.1434316486120224,0.1430945098400116,0.2235775291919708,0.2155805528163909,0.3489569425582886,0.3900045752525329,0.3799438774585724,0.3959313333034515,0.3855603337287903,0.4069457054138184,0.3708308339118957,0.3868400454521179,0.3691487908363342,0.3835893869400024,0.5142573118209839,0.5224709510803223,0.7014462947845458,0.7260184288024902,0.8579616546630859,0.908137798309326,0.880776047706604,-0.3853371441364288,-0.4696863889694214,-0.5934178829193115,-0.4699517488479614,-0.1558666825294494,-0.5934178829193115,-0.3246073126792908,-0.4429167509078979,0.1287214905023574,-0.6980956792831421,0.3936075866222381,-0.7338813543319702,0.1966220438480377,-0.7140976786613464,0.1440821439027786,-0.8017907738685608,0.0434724725782871,-0.8162148594856262,0.1426962465047836,-0.7149342298507689,0.2231162637472152,-0.2229199707508087,0.58062344789505,0.0428919158875942,0.9883530735969543,0.4789818227291107,1.018733263015747,0.5108140707015991,0.8076149821281433,0.2038765102624893,5,1
0.3013682961463928,0.2908098399639129,0.2886995077133178,0.266356348991394,0.2392949908971786,0.2146586328744888,0.5125067234039307,0.4174464643001556,0.5731967687606812,0.5662946701049805,0.4791475534439087,0.2847190499305724,0.142744556069374,0.3167943656444549,0.1722002625465393,0.1235380992293357,0.1017631068825721,0.1012882143259048,0.1009633690118789,0.1018837839365005,0.1060718894004821,0.1008146181702613,0.1072959899902343,0.1060718894004821,0.1435568630695343,0.1432245820760727,0.2236675024032592,0.2155133187770843,0.351957470178604,0.3912528157234192,0.4091215133666992,0.43013995885849,0.4319454729557037,0.4508007168769837,0.4186447560787201,0.4391534328460693,0.4116971492767333,0.4294060170650481,0.5138645172119141,0.5222412943840027,0.7013903856277466,0.7260398864746093,0.8579822778701782,0.9068355560302734,0.8804925084114074,-0.4775433540344238,-0.5642092227935791,-0.6609413027763367,-0.5642679929733276,-0.2510303556919097,-0.6609413027763367,-0.415062427520752,-0.5315901637077332,0.02581656165421,-0.7511191368103027,0.287289410829544,-0.8016834855079651,0.1159968376159668,-0.8078724145889281,0.06928052008152,-0.9031264185905457,-0.0343652889132499,-0.9236183166503904,0.0635120198130607,-0.8139511942863464,0.2172007709741592,-0.217081531882286,0.5743398070335388,0.0432531386613845,0.9791433811187744,0.4747825264930724,1.0078681707382202,0.5048274397850037,0.8075139522552489,0.2004096806049347,5,1
0.3015161156654357,0.2915059328079224,0.2896806001663208,0.2663697600364685,0.241266444325447,0.2146077752113342,0.5124040246009827,0.4069946408271789,0.5746772885322571,0.5652567148208617,0.4632550179958344,0.285118043422699,0.1438200920820236,0.3053683340549469,0.1721679866313934,0.1235282570123672,0.1018395572900772,0.1013655662536621,0.1010442227125167,0.1019303947687149,0.1060759201645851,0.1008510813117027,0.1073011383414268,0.1060759201645851,0.1435616761445999,0.1432246267795562,0.2232616245746612,0.2155359536409378,0.3523017466068268,0.3940468430519104,0.4208655953407288,0.4537648558616638,0.4515821933746337,0.4817209243774414,0.4432852268218993,0.4686852097511292,0.4338386654853821,0.4584925770759583,0.5124281048774719,0.5213252305984497,0.7036064863204956,0.7260288000106812,0.8609569668769836,0.906347155570984,0.8835349082946777,-0.516421914100647,-0.6000427603721619,-0.6739882826805115,-0.600093424320221,-0.2836490869522095,-0.6739882826805115,-0.4533476531505584,-0.5651852488517761,-0.0045046010054647,-0.7572879195213318,0.2461608946323394,-0.8094125390052795,0.072200708091259,-0.8313700556755067,0.0223105121403932,-0.9266389608383178,-0.0786012709140777,-0.9549760818481444,0.0211284160614013,-0.8400790095329284,0.2142352014780044,-0.2142072468996048,0.5371992588043213,0.0331899151206016,0.924082100391388,0.454768031835556,0.9487525224685668,0.4843774139881134,0.7444056868553162,0.1780341863632202,5,1
0.3043550550937652,0.2947781383991241,0.2931135296821594,0.2688673734664917,0.2455336898565292,0.2161470353603363,0.506829023361206,0.3877013027667999,0.5688924789428711,0.5575646758079529,0.4550020396709441,0.2855358719825744,0.1452238261699676,0.3024152815341949,0.1716950237751007,0.1232181787490844,0.1016996726393699,0.1012163534760475,0.1009074449539184,0.1017687916755676,0.1059905067086219,0.1007323041558265,0.1071833595633506,0.1059905067086219,0.1434598267078399,0.1431693881750106,0.2221726924180984,0.215582013130188,0.352510005235672,0.3960776925086975,0.4288361072540283,0.4587726593017577,0.461797535419464,0.4851346909999848,0.4552594125270844,0.4742940068244934,0.4461720585823059,0.4637512266635895,0.5117269158363342,0.5208015441894531,0.7041580080986023,0.725761890411377,0.861167073249817,0.90361487865448,0.8842380642890929,-0.5284544825553894,-0.6129591464996338,-0.686941921710968,-0.612983226776123,-0.2953682243824004,-0.686941921710968,-0.466364711523056,-0.5790203213691713,-0.020956439897418,-0.7654122114181519,0.2282325476408004,-0.8225908875465393,0.0462870374321937,-0.8453205823898315,-0.0031981884967535,-0.9403502345085144,-0.1029399260878562,-0.9684805274009703,-0.00411720527336,-0.854149043560028,0.2123616933822632,-0.2123744785785675,0.5321916937828064,0.0303207766264677,0.9310529828071592,0.4544129967689513,0.9560347795486448,0.4830939471721648,0.7501661777496339,0.1784030348062515,5,1
0.3105247616767884,0.300110399723053,0.2983373999595642,0.2744647860527038,0.2515479028224945,0.2214798629283904,0.503227174282074,0.3641307353973388,0.5606130957603456,0.5490396022796631,0.444404125213623,0.285884529352188,0.1466370522975921,0.2999918460845947,0.1713434606790542,0.1224553734064102,0.1014444380998611,0.1009678021073341,0.1006858944892883,0.1014980897307396,0.1059334054589271,0.1005428582429885,0.1071104407310485,0.1059334054589271,0.1431641280651092,0.1429649144411087,0.2220324724912643,0.215116947889328,0.3527501225471496,0.395905077457428,0.4312668442726135,0.4575784802436828,0.463985115289688,0.4843204617500304,0.4581201076507568,0.4740482270717621,0.4493512511253357,0.4633075296878815,0.5103371739387512,0.5191354751586914,0.7041972875595093,0.7253141999244691,0.8612933158874511,0.9021123051643372,0.884569525718689,-0.5151395201683044,-0.6016321182250977,-0.6796553134918213,-0.6016698479652405,-0.2798224091529846,-0.6796553134918213,-0.4528018534183502,-0.5679461359977721,-0.0070672268047928,-0.7594568729400634,0.2250945270061493,-0.8198447227478027,0.063283547759056,-0.8322517275810242,0.0168725978583097,-0.9215543270111086,-0.0814007520675659,-0.9504232406616212,0.0136486887931823,-0.840576171875,0.2132370769977569,-0.2132630050182342,0.5217047333717345,0.0256406068801879,0.90831458568573,0.4492471516132354,0.9311258792877196,0.4753472208976745,0.7226246595382689,0.1708734333515167,5,1
0.3157895803451538,0.3046871721744537,0.3029136955738068,0.278635174036026,0.2565118670463562,0.2261513322591781,0.5020527839660645,0.3533237278461456,0.5590695738792419,0.5482030510902405,0.4304407238960265,0.2866404950618744,0.1485740095376968,0.297792911529541,0.170839637517929,0.1224031299352645,0.1014706268906593,0.100995734333992,0.1007164344191551,0.1015324741601944,0.1061083897948265,0.1006039232015609,0.1071730852127075,0.1061083897948265,0.1431658565998077,0.1429889798164367,0.221947431564331,0.2149754464626312,0.3530676960945129,0.3958143293857574,0.4350850582122802,0.4582374095916748,0.4681033492088318,0.4851226210594176,0.4643134474754333,0.4759512841701508,0.4552421569824218,0.4650026857852936,0.5092706084251404,0.5173885226249695,0.7035672068595886,0.72438907623291,0.8612737655639648,0.9017553329467772,0.884579360485077,-0.5139258503913879,-0.5992818474769592,-0.6728801131248474,-0.5993305444717407,-0.2768788039684296,-0.6728801131248474,-0.451075404882431,-0.5647997260093689,-0.001894065295346,-0.7534902691841124,0.2230681329965591,-0.8138087987899779,0.052486166357994,-0.827423095703125,0.0041666901670396,-0.9159658551216124,-0.0927516743540763,-0.945949614048004,0.0034067425876855,-0.8357871174812317,0.2141404002904892,-0.2141681313514709,0.5181646943092345,0.0132613470777869,0.9056584835052488,0.4279877245426177,0.9285281896591184,0.4531962871551513,0.7217190861701965,0.1464039832353592,5,1
0.3231072127819061,0.3108823895454407,0.30891352891922,0.2850174605846405,0.2618636786937713,0.2331602573394775,0.5003682971000671,0.3499281108379364,0.5562803745269775,0.545263409614563,0.4258509874343872,0.2871240079402923,0.1495237499475479,0.2948683202266692,0.1710098087787628,0.1223692148923874,0.1014843359589576,0.1010119095444679,0.1007375940680503,0.1015526801347732,0.1063602343201637,0.1006487235426902,0.1073277369141578,0.1063602343201637,0.143174260854721,0.1430100500583648,0.2220034897327423,0.214911550283432,0.3532124757766724,0.3957131206989288,0.4324028491973877,0.4568408429622649,0.4646239876747131,0.4824003279209137,0.4604714512825012,0.4723962247371673,0.4519890248775481,0.4625523984432221,0.5080777406692505,0.5156654715538025,0.7025219202041626,0.7229100465774536,0.8612666130065918,0.9012576937675476,0.8846295475959779,-0.5397117733955383,-0.6244749426841736,-0.6931609511375427,-0.6245439052581787,-0.3013486862182616,-0.6931609511375427,-0.4754091501235961,-0.5882356762886047,-0.0244829729199409,-0.7669357061386108,0.2108110189437866,-0.8263842463493347,0.0239412114024162,-0.8358655571937562,-0.0246654581278562,-0.923377990722656,-0.1203542426228523,-0.9525622129440308,-0.0250496119260788,-0.8440027832984924,0.2145062386989593,-0.2145519405603408,0.5133046507835388,0.0093801701441407,0.8987748026847838,0.4216085970401764,0.921264052391052,0.4465466737747192,0.7099024057388306,0.1358499079942703,5,1
0.3354959189891815,0.3234114050865173,0.3213368654251098,0.2985804378986358,0.273782879114151,0.2465258240699768,0.4869251251220703,0.3384142518043518,0.5356372594833374,0.5270906686782837,0.413550853729248,0.2879922688007355,0.1547299921512603,0.291894793510437,0.1738452762365341,0.1221405863761901,0.1014884561300277,0.1010166257619857,0.1007526963949203,0.1015592068433761,0.10647714138031,0.1006994694471359,0.1074434667825698,0.10647714138031,0.1430410146713256,0.1428259909152984,0.2229751050472259,0.2136480510234832,0.3533048331737518,0.3937852382659912,0.4319574236869812,0.4556352198123932,0.4635461270809173,0.4812300205230713,0.4610500335693359,0.4708007872104645,0.4521371722221375,0.4614344537258148,0.5053015947341919,0.5113801956176758,0.7014057636260985,0.7199949026107788,0.861519455909729,0.9008455276489258,0.884638786315918,-0.4953455626964568,-0.5849672555923462,-0.6745812892913817,-0.5850614905357361,-0.2610622048377991,-0.6745812892913817,-0.4331858456134796,-0.5527839660644531,0.0109285982325673,-0.759204089641571,0.2605412006378174,-0.8051022291183471,0.0791300535202026,-0.7981811761856078,0.03219860419631,-0.8863433003425598,-0.062890887260437,-0.9146072268486024,0.0309697575867176,-0.8050293922424316,0.2241979837417602,-0.224318116903305,0.5120624303817749,-0.0246118567883968,0.8893719911575316,0.3700641095638275,0.9108243584632872,0.3934576213359833,0.7015952467918396,0.0837175101041793,5,1
0.3423967957496643,0.3303296566009521,0.3280240893363952,0.306848794221878,0.2798763811588287,0.2552591860294342,0.4841685295104981,0.3378238081932068,0.5309547185897827,0.5226795673370361,0.4107126593589783,0.2882099449634552,0.1597597151994705,0.291053831577301,0.1780657172203064,0.1221923008561134,0.1017303019762039,0.1012932062149047,0.1010581851005554,0.1018265485763549,0.1068407893180847,0.101044937968254,0.1079437732696533,0.1068407893180847,0.1431142538785934,0.1428565382957458,0.2256030291318893,0.2130584418773651,0.3544417321681976,0.3935019373893738,0.4378439486026764,0.4591010212898254,0.4699123799800873,0.4849011301994324,0.467517614364624,0.4747979044914245,0.4585141539573669,0.4653557240962982,0.5051711797714232,0.5110069513320923,0.700677752494812,0.7189001441001892,0.861517608165741,0.9009746313095092,0.8844740986824036,-0.4809208810329436,-0.5735490918159485,-0.6736912131309509,-0.5736215114593506,-0.2455790638923644,-0.6736912131309509,-0.4194750785827636,-0.5433229207992554,0.042850337922573,-0.7556838393211364,0.2800090909004211,-0.8104422092437744,0.0962083414196968,-0.8102828860282899,0.0507011525332927,-0.9024094343185424,-0.0450761429965496,-0.9298276901245116,0.047518216073513,-0.817094087600708,0.2399525046348572,-0.240138366818428,0.5361089706420897,-0.0300012324005365,0.8961095809936523,0.3702200949192047,0.9246864318847656,0.3950580954551697,0.7197631001472473,0.0899570807814598,5,1
0.347849428653717,0.3353487849235534,0.3329624533653259,0.3131426572799682,0.2853124737739563,0.2617297768592834,0.4838829338550568,0.3458839952945708,0.5312561392784119,0.5229035019874573,0.4184604287147521,0.2905649244785309,0.1632223278284073,0.2909294664859772,0.1795337051153182,0.1226271167397499,0.1026965752243995,0.1023187041282653,0.10210432857275,0.1027780771255493,0.1077547818422317,0.1021051406860351,0.1090373769402504,0.1077547818422317,0.1436290889978408,0.1432787925004959,0.2278474867343902,0.2129812985658645,0.3564894199371337,0.3934225142002105,0.4481794238090515,0.4689637124538421,0.4790326058864593,0.496175229549408,0.4751506447792052,0.4865263104438782,0.4669581353664398,0.4761477410793304,0.5052000284194945,0.5111851692199707,0.7006784677505493,0.7186205983161926,0.8617509007453918,0.9010933637619016,0.884432315826416,-0.5148369669914246,-0.6063719391822815,-0.7006935477256775,-0.6064294576644897,-0.2777364552021026,-0.7006935477256775,-0.4503536224365234,-0.5724630951881409,0.0205011293292045,-0.7894483804702759,0.2732106745243072,-0.8462778925895691,0.0654690861701965,-0.8499464392662048,0.0205091089010238,-0.945101320743561,-0.07488414645195,-0.9711426496505736,0.0165820196270942,-0.8570306301116942,0.2390317469835281,-0.2392190545797348,0.5535659193992615,-0.0121795600280165,0.9433952569961548,0.4172920286655425,0.970363199710846,0.4454345405101776,0.7749826312065123,0.1461576670408249,5,1
0.3517607748508453,0.3387648463249206,0.3363172709941864,0.317162811756134,0.2888386249542236,0.265689343214035,0.4878119528293609,0.3553366065025329,0.5387897491455078,0.5265923142433168,0.4244135022163391,0.2927579581737518,0.165447399020195,0.2895212769508362,0.1818722188472748,0.1228289380669593,0.1032108068466186,0.1028973907232284,0.1027340441942214,0.1032964140176773,0.1085987091064453,0.1027437821030616,0.1099737733602523,0.1085987091064453,0.1439876854419708,0.1435390412807464,0.2295658588409424,0.2130026817321777,0.3588231205940246,0.3932348191738128,0.4550114274024963,0.4754564166069031,0.4867421686649322,0.5035117864608765,0.4842215180397033,0.4951063096523285,0.4744677543640136,0.4833599627017975,0.5051019787788391,0.5109346508979796,0.700681746006012,0.7179452776908875,0.861676037311554,0.9016480445861816,0.8831471204757689,-0.5102253556251526,-0.6010987758636475,-0.6922075152397156,-0.6011635065078735,-0.2725163698196411,-0.6922075152397156,-0.4451924264431,-0.5663505792617798,0.0262237098067998,-0.7854151129722595,0.2604548633098602,-0.8405641317367554,0.0784687995910644,-0.8437995910644531,0.0344989299774169,-0.9380152225494384,-0.0632736161351203,-0.9678300023078918,0.0291267205029726,-0.8520596623420715,0.2391719967126846,-0.2393783926963806,0.5491026639938353,-0.0195965487509965,0.9279906153678894,0.3933066427707672,0.95233553647995,0.4192939400672912,0.7580904364585875,0.1184805259108543,5,1
0.354961633682251,0.3418132960796356,0.3394144177436828,0.319777101278305,0.2920302152633667,0.2681225538253784,0.4890489876270294,0.3766325712203979,0.5412963032722473,0.5300250053405762,0.4428953528404236,0.2954895794391632,0.1677870452404022,0.2894815504550934,0.1834805309772491,0.1229113787412643,0.1034086197614669,0.1031154170632362,0.1029689684510231,0.1035382002592086,0.1090877205133438,0.103080466389656,0.1103253588080406,0.1090877205133438,0.1440858393907546,0.1436294019222259,0.2298763245344161,0.213086798787117,0.3601170480251312,0.3935613334178924,0.4540981650352478,0.4749702811241149,0.4848873019218445,0.5036831498146057,0.4807613492012024,0.4950832426548004,0.4720417857170105,0.4830260276794433,0.5050328969955444,0.5102244019508362,0.700905442237854,0.7176957726478577,0.8620942831039428,0.9020054936408995,0.883163809776306,-0.5115229487419128,-0.6011253595352173,-0.6903302669525145,-0.6012136340141296,-0.2771959900856018,-0.6903302669525145,-0.447176605463028,-0.5664706230163574,0.0215464420616626,-0.7857007980346679,0.2554261684417724,-0.8430308103561401,0.0659323409199714,-0.8420305252075195,0.0218683741986751,-0.9355735778808592,-0.0731436163187026,-0.9606925249099731,0.0171409584581851,-0.84842848777771,0.2388551533222198,-0.2390900999307632,0.5315170288085938,-0.0191172081977128,0.9053536057472228,0.3846148252487183,0.9281295537948608,0.4091439545154572,0.729275345802307,0.1067742109298706,5,1
0.357419490814209,0.3445563316345215,0.3422451019287109,0.3220276832580566,0.2952333092689514,0.2703873813152312,0.4922822415828705,0.377245843410492,0.5471577644348145,0.5378535389900208,0.4428786337375641,0.2966892421245575,0.169869378209114,0.2902170717716217,0.1853573620319366,0.1230733171105384,0.1037500724196434,0.1034711450338363,0.1033406034111976,0.103893220424652,0.1097064837813377,0.1034948825836181,0.110760748386383,0.1097064837813377,0.1441229283809662,0.1436626613140106,0.2298039644956588,0.2128152847290039,0.3586990237236023,0.3921777606010437,0.4460050165653229,0.471554696559906,0.4745001792907714,0.496795117855072,0.4693713188171386,0.4895103871822356,0.4613513946533203,0.476626306772232,0.5053162574768065,0.5103095769882202,0.7010548114776611,0.7176311016082764,0.8635956645011901,0.9024351239204408,0.8848840594291686,-0.4671721160411834,-0.5567024350166321,-0.6465179324150084,-0.5567633509635925,-0.2349178344011306,-0.6465179324150084,-0.4048028588294983,-0.523586630821228,0.0519291833043098,-0.7485471963882446,0.2692137956619262,-0.8146424889564513,0.0945886299014091,-0.8281691670417786,0.054400622844696,-0.9145310521125792,-0.0414034165441989,-0.9430893063545228,0.0450560897588729,-0.8328206539154052,0.2382101714611053,-0.2384322434663772,0.529234766960144,-0.0200517605990171,0.9032375812530516,0.3761228322982788,0.92533940076828,0.3998723328113556,0.7244234681129454,0.0984378382563591,5,1
0.3592428863048553,0.3461015820503235,0.3438263237476349,0.3227859735488892,0.2968938946723937,0.2714597582817077,0.4921837747097015,0.3929775953292847,0.5482869744300841,0.541685938835144,0.4595373868942261,0.2976020872592926,0.1725961714982986,0.290743350982666,0.1872815936803817,0.1230933219194412,0.1037530899047851,0.103472039103508,0.1033409088850021,0.1039210930466652,0.1099701076745986,0.1035706624388694,0.1107857078313827,0.1099701076745986,0.1441237926483154,0.1436722725629806,0.2287472933530807,0.2128870189189911,0.3557605743408203,0.3921763896942138,0.4300870895385742,0.4479573667049408,0.4438703954219817,0.4656333029270172,0.4394493103027344,0.4574882984161377,0.4349289536476135,0.4506618082523345,0.5060254335403441,0.5103446245193481,0.7008837461471558,0.7175427079200745,0.863771617412567,0.9026461839675904,0.8856574892997741,-0.4691484570503234,-0.559330940246582,-0.648682713508606,-0.5593959093093872,-0.2344427555799484,-0.648682713508606,-0.4060683250427246,-0.525673508644104,0.0546004511415958,-0.7487362623214722,0.2748504877090454,-0.8132925033569336,0.1015156880021095,-0.8218428492546082,0.0634244158864021,-0.9082109928131104,-0.0331563912332057,-0.9115419983863832,0.0511998124420642,-0.817905604839325,0.237984150648117,-0.238180249929428,0.5561556220054625,-0.0038829799741506,0.9526033997535704,0.4116931557655334,0.9769321084022522,0.4386653006076813,0.7794009447097777,0.1424227058887481,5,1
0.3612413704395294,0.3477991223335266,0.3455245792865752,0.324231892824173,0.29838427901268,0.2730404436588287,0.4885272681713104,0.4052304029464721,0.5394333004951477,0.5370503067970276,0.4611062705516815,0.2987281382083893,0.1740647554397583,0.290986031293869,0.1898890435695648,0.123045265674591,0.1036374792456626,0.1033558622002601,0.1032363325357437,0.1038663238286972,0.1100595816969871,0.1035625785589218,0.1107820272445678,0.1100595816969871,0.1440999209880828,0.1436696946620941,0.2287082672119141,0.2128921747207641,0.3556185066699981,0.3890472948551177,0.4065424501895904,0.414727121591568,0.4091127514839172,0.4272757470607757,0.3977138698101044,0.4115394055843352,0.3954970240592956,0.4081324934959412,0.5058782696723938,0.5094947218894958,0.6999722719192505,0.7157796621322632,0.8637574315071107,0.902591586112976,0.885847270488739,-0.4331991076469421,-0.5245075821876526,-0.6081319451332092,-0.5246762037277222,-0.1915055215358734,-0.6081319451332092,-0.3688018023967743,-0.4887209236621856,0.1008659899234771,-0.7163503170013428,0.2807326912879944,-0.7297114729881287,0.0550254359841346,-0.6009576320648192,-0.0015838021645322,-0.6662882566452025,-0.0874539166688919,-0.672214686870575,0.0022934721782803,-0.5953051447868347,0.2381453365087509,-0.2382721602916717,0.556652307510376,-0.0100957285612821,0.9563038349151612,0.39746356010437,0.9802621006965636,0.4237270653247832,0.7775238752365112,0.1150054633617401,5,1
0.3606607615947723,0.347462922334671,0.3452548086643219,0.3238140642642975,0.298519492149353,0.2731545269489288,0.4794086813926697,0.4256677031517029,0.537075936794281,0.5349071621894836,0.4785941243171692,0.301386684179306,0.1765690445899963,0.2910593748092651,0.193448469042778,0.1229598075151443,0.1035553067922592,0.1032477617263794,0.1031073927879333,0.1038288101553916,0.1099177449941635,0.103534460067749,0.1104704514145851,0.1099177449941635,0.1436949968338012,0.1433622390031814,0.2244375646114349,0.2121129482984542,0.3529333770275116,0.3882917761802673,0.3739175796508789,0.3919229507446289,0.3695325553417206,0.3930003046989441,0.3551190495491028,0.37555131316185,0.3561636507511139,0.3767519891262054,0.5027592182159424,0.5064750909805298,0.6994957327842712,0.7149767279624938,0.8639197349548339,0.9026070833206176,0.886393368244171,-0.417674332857132,-0.5127339363098145,-0.6040708422660828,-0.5129439234733582,-0.1733566671609878,-0.6040708422660828,-0.3493839502334595,-0.4734794199466705,0.1381924003362655,-0.7129418253898621,0.2590422034263611,-0.6914263963699341,-0.1507192850112915,-0.4887474179267883,-0.2264078557491302,-0.5406053066253662,-0.2979246377944946,-0.5436400771141052,-0.201175644993782,-0.4777393341064452,0.2412885427474975,-0.2413037568330764,0.5759408473968506,-0.0188086610287427,0.993400990962982,0.3692506551742553,1.0189694166183472,0.3946892321109772,0.8069472312927246,0.084220178425312,5,1
0.3600326180458069,0.3473004996776581,0.345222681760788,0.3232730329036712,0.2984574139118194,0.2725915014743805,0.4794008135795592,0.4414394795894623,0.5342278480529785,0.5274414420127869,0.4854038953781128,0.3037261366844176,0.1791762709617614,0.2939154803752899,0.1985750645399093,0.1229696720838546,0.1035486683249473,0.1032240837812423,0.1030522584915161,0.1038309931755066,0.1099066883325576,0.1035344824194908,0.1102997660636901,0.1099066883325576,0.1436690539121627,0.1433603912591934,0.2200122624635696,0.212155744433403,0.3484914898872375,0.3879144787788391,0.3410533368587493,0.3689631819725036,0.333256721496582,0.3620407581329345,0.3235782980918884,0.3425808548927307,0.3260367512702941,0.3438706398010253,0.5012713670730591,0.5051523447036743,0.6959457397460938,0.7127493619918823,0.8613908886909485,0.9012625813484192,0.8847190737724304,-0.4143012464046478,-0.5120954513549805,-0.6106980443000793,-0.5122477412223816,-0.1712146997451782,-0.6106980443000793,-0.3436659574508667,-0.4709273576736449,0.1302819401025772,-0.7120904922485352,0.1228656694293022,-0.6500513553619385,-0.4279393851757049,-0.3688806295394897,-0.5232724547386169,-0.40523761510849,-0.573203444480896,-0.4100142121315001,-0.4734609723091125,-0.3547245562076568,0.240958422422409,-0.2409834265708923,0.617385983467102,0.018628666177392,1.0582596063613892,0.4158418476581573,1.0885940790176392,0.4447169005870819,0.8938024044036865,0.1500923931598663,5,1
0.3618748486042023,0.3498418033123016,0.3476703166961669,0.326678454875946,0.2995052635669708,0.2744482755661011,0.5114513635635376,0.4311334490776062,0.5397849678993225,0.5265825986862184,0.4551889300346375,0.3076358437538147,0.1818498969078064,0.3021065294742584,0.2057403177022933,0.12280885130167,0.1030768379569053,0.1026274785399436,0.102320984005928,0.1034435778856277,0.10855633020401,0.102928064763546,0.108499065041542,0.10855633020401,0.1427130103111267,0.1423593759536743,0.2172551602125168,0.2122637778520584,0.342701256275177,0.3887839317321777,0.2845960855484009,0.3366216421127319,0.2643523514270782,0.3181982040405273,0.255244880914688,0.2960886657238006,0.2621071934700012,0.3005267977714538,0.4991088509559631,0.5035473108291626,0.6955962181091309,0.7124397754669188,0.8613821268081666,0.9012255668640136,0.8846017718315123,-0.3257751762866974,-0.4257104098796845,-0.5287452936172485,-0.4257774353027344,-0.0808635801076888,-0.5287452936172485,-0.2581236958503723,-0.3871882557868957,0.209384262561798,-0.5952069163322449,0.0624713897705078,-0.5271203517913817,-0.6441450715065001,-0.2554740011692047,-0.7645323872566222,-0.2734435200691223,-0.7665678262710571,-0.2836204171180724,-0.6724449396133423,-0.2402798980474472,0.2315786778926849,-0.2316186279058456,0.587413489818573,0.009549917653203,1.0493671894073486,0.3056346178054809,1.0782864093780515,0.3251695930957794,0.8560155034065247,0.0308052878826856,5,1
0.3629575073719024,0.3514600098133087,0.3492796421051025,0.3288112580776214,0.3000778257846832,0.275356262922287,0.5101789832115173,0.4241491556167602,0.538519561290741,0.5139281153678894,0.4392926096916199,0.3107182681560516,0.1846211105585098,0.3104371726512909,0.2097203135490417,0.1224550977349281,0.102397546172142,0.10191510617733,0.1015763133764266,0.1027750521898269,0.1071093529462814,0.102082647383213,0.1072370409965515,0.1071093529462814,0.1419026553630828,0.1413897573947906,0.2177492082118988,0.2126651257276535,0.3433873355388641,0.3887884020805359,0.2800360023975372,0.322698414325714,0.2543094754219055,0.3025524914264679,0.2407669574022292,0.2786839008331299,0.2480939179658889,0.2840867340564728,0.4991469979286194,0.5038107037544249,0.6962890625,0.7132057547569275,0.8635681271553038,0.9016271829605104,0.8866891860961914,-0.3149614036083221,-0.4191190898418426,-0.5339931249618529,-0.4191454946994781,-0.0662916153669357,-0.5339931249618529,-0.2464225739240646,-0.3814939856529236,0.2301636338233948,-0.6097460389137268,0.0498542636632919,-0.5352992415428162,-0.6714394688606262,-0.207623228430748,-0.7927159070968629,-0.2179008424282073,-0.7836382389068604,-0.2300189733505248,-0.6966678500175476,-0.1925232708454132,0.2315690964460373,-0.2316149622201919,0.5856122374534607,0.0083050532266497,1.0242345333099363,0.3262748122215271,1.0495014190673828,0.3486288785934448,0.837872564792633,0.0550905652344226,5,1
0.3646085858345032,0.3536328673362732,0.3513742089271545,0.3321671187877655,0.3018659055233001,0.2784250974655151,0.5083639025688171,0.420585423707962,0.5322800874710083,0.4985940158367157,0.4308755993843079,0.3147796094417572,0.1893373727798461,0.3293105065822601,0.2105681896209716,0.1235155910253524,0.1033113747835159,0.1027606576681137,0.1023347005248069,0.103605642914772,0.1071238964796066,0.1026213765144348,0.1073328033089637,0.1071238964796066,0.1421050876379013,0.141523852944374,0.2179135382175445,0.2128880321979522,0.3440313041210174,0.3892531394958496,0.2739774584770202,0.3159818649291992,0.2491166591644287,0.2906388640403747,0.2335179299116134,0.2695517838001251,0.241753339767456,0.2767984271049499,0.5067315101623535,0.5091962814331055,0.6987532377243042,0.7183699011802673,0.864242911338806,0.9052608609199524,0.8870752453804016,-0.3379087746143341,-0.4438205361366272,-0.5585228204727173,-0.4438245594501495,-0.0860427245497703,-0.5585228204727173,-0.2671928405761719,-0.4054359495639801,0.21121147274971,-0.6391121745109558,0.0315916612744331,-0.5515104532241821,-0.7027245163917542,-0.1713000535964965,-0.826047658920288,-0.176386296749115,-0.8108556866645813,-0.1960281729698181,-0.7260704040527343,-0.1586913764476776,0.232027307152748,-0.2320982813835144,0.6021783947944641,0.0379897393286228,1.054494857788086,0.3837827146053313,1.088485836982727,0.4106422364711761,0.8970782756805421,0.1253446787595749,5,1
0.3673451840877533,0.3565226197242737,0.354322075843811,0.3354053199291228,0.30498206615448,0.2818798422813415,0.5075545310974121,0.4189415872097015,0.5074921250343323,0.4722217917442322,0.4247278869152068,0.3161332309246063,0.1914808303117752,0.3491361439228058,0.2094447463750839,0.1240659356117248,0.1037075966596603,0.1031586155295372,0.102728709578514,0.1039536371827125,0.1072334051132202,0.1028745621442794,0.1077143102884292,0.1072334051132202,0.1424497216939926,0.141781747341156,0.2203371822834015,0.2132672071456909,0.3456833064556122,0.3896321058273315,0.2716931104660034,0.3088136315345764,0.2438869476318359,0.2780287861824036,0.2290159910917282,0.2598310112953186,0.2389539033174514,0.2686827182769775,0.516956627368927,0.5180690884590149,0.7040396332740784,0.7226350903511046,0.8648683428764342,0.9070080518722534,0.8874012231826782,-0.3495339155197143,-0.4557271599769592,-0.5687256455421448,-0.4557299613952636,-0.0903952419757843,-0.5687256455421448,-0.2773172855377196,-0.4164110720157623,0.2118378728628158,-0.6516327261924744,0.0150232100859284,-0.538846492767334,-0.7245602011680603,-0.0874365866184234,-0.8445442914962769,-0.0820574313402175,-0.8170503973960876,-0.1075969487428665,-0.7421172857284547,-0.0752616971731185,0.2358241975307465,-0.2359576076269149,0.6023061871528625,0.0439535789191722,1.0419961214065552,0.4033652544021606,1.0754637718200684,0.4311988949775696,0.8874730467796325,0.1426675617694854,5,1
0.3709644377231597,0.3598921000957489,0.3575842678546905,0.3394937813282013,0.3074771761894226,0.2851778566837311,0.5001041889190674,0.417624294757843,0.4887582659721375,0.4568228125572204,0.4187186062335968,0.3185861706733704,0.1949789822101592,0.377181887626648,0.2086669951677322,0.1251217573881149,0.1046734675765037,0.1040812954306602,0.1035863384604454,0.1048807874321937,0.1076669692993164,0.1035871356725692,0.1084558814764022,0.1076669692993164,0.1434867680072784,0.1426201313734054,0.2214626520872116,0.2134379595518112,0.3477995097637176,0.390013962984085,0.2750920355319977,0.3059922456741333,0.2464876621961593,0.2752286791801452,0.2324045449495315,0.2575388550758362,0.2421370446681976,0.2667497098445892,0.5216211080551147,0.5247946977615356,0.7049065828323364,0.7254675030708314,0.8661587834358214,0.9072610735893248,0.8885172009468079,-0.3597381114959717,-0.4643824994564056,-0.5705679059028625,-0.4644082784652709,-0.0989363342523574,-0.5705679059028625,-0.2867371439933777,-0.4253410696983337,0.1995431631803512,-0.6560190320014954,-0.0104096475988626,-0.5451464056968689,-0.7698032855987549,-0.0821411609649658,-0.891362190246582,-0.0756552442908287,-0.8610029220581055,-0.1055566668510437,-0.786590576171875,-0.0715650171041488,0.2367189824581146,-0.2368690222501754,0.5927611589431763,0.0655363649129867,1.0003097057342527,0.4553138613700866,1.03301203250885,0.4859040975570679,0.8465418219566345,0.1977648884057998,5,1
0.3785487413406372,0.3681167662143707,0.3656468987464905,0.3472999930381775,0.3161069750785828,0.2915756106376648,0.4935201108455657,0.4267676174640656,0.478510707616806,0.4488970339298248,0.4201544523239136,0.3248085677623749,0.1988403499126434,0.4157283902168273,0.2080429047346115,0.1275755167007446,0.1075003147125244,0.1070165485143661,0.1065593361854553,0.1074346452951431,0.1095722317695617,0.1057684049010276,0.1107258200645446,0.1095722317695617,0.1455254405736923,0.1445277631282806,0.2245650291442871,0.2149076461791992,0.3503763377666473,0.390112429857254,0.2813782095909118,0.3090255558490752,0.2551052272319793,0.27901691198349,0.2430161535739898,0.2643019556999206,0.2504391074180603,0.2721956372261047,0.5200220346450806,0.5244384407997131,0.7030239701271057,0.7266085147857666,0.8611132502555846,0.9093416929244996,0.8794306516647338,-0.3602690100669861,-0.4648256003856658,-0.5667558312416077,-0.4648238718509673,-0.0949534028768539,-0.5667558312416077,-0.2852459251880646,-0.4229480028152466,0.193097174167633,-0.6542879343032837,-0.0461046956479549,-0.5510123372077942,-0.827838659286499,-0.1283027678728103,-0.953214168548584,-0.1253640353679656,-0.9242351055145264,-0.15321946144104,-0.8465311527252197,-0.117709532380104,0.2365972101688384,-0.2367507368326187,0.4814498424530029,0.0310726091265678,1.0382786989212036,0.3482783734798431,1.0903917551040647,0.3733839392662048,0.9595812559127808,0.0847518146038055,5,1
0.3859249055385589,0.375920832157135,0.3732398152351379,0.3541166484355926,0.323454886674881,0.2978273630142212,0.4901651144027709,0.4418018460273743,0.4693860709667206,0.4394645392894745,0.4290658235549927,0.3338407874107361,0.2034301608800888,0.4368746876716614,0.2079248875379562,0.1296989023685455,0.1097581759095192,0.1092447414994239,0.1087439656257629,0.1096328720450401,0.1112746372818946,0.1078803092241287,0.1122739762067794,0.1112746372818946,0.1475355327129364,0.146436795592308,0.2254885137081146,0.2173006236553192,0.3404814302921295,0.3903632760047912,0.2802379131317138,0.3080795407295227,0.2544572055339812,0.2779009938240051,0.2441648989915848,0.264319121837616,0.2502191960811615,0.2726884186267853,0.520115315914154,0.5266393423080444,0.6989545822143555,0.727908968925476,0.8512653112411499,0.9105416536331176,0.8680288195610046,-0.3699856698513031,-0.4731558561325072,-0.5690087080001831,-0.4730367064476012,-0.103007398545742,-0.5690087080001831,-0.2883935272693634,-0.4249883890151977,0.191953957080841,-0.6498926877975464,-0.074081964790821,-0.5482869744300841,-0.8607751727104187,-0.1296967566013336,-0.9899364709854126,-0.1283204853534698,-0.9488738179206848,-0.1605942994356155,-0.8725999593734741,-0.1205971613526344,0.2334861904382705,-0.2336476594209671,0.4890434145927428,0.0223178341984748,1.1471388339996336,0.3211831748485564,1.2109534740447998,0.3441848158836365,1.0983309745788574,0.0504398979246616,5,1
0.3943261802196503,0.385218858718872,0.3823971152305603,0.3627164959907532,0.3326343894004822,0.3071164786815644,0.483863353729248,0.4532875120639801,0.4690538048744201,0.4392679035663605,0.4452496469020844,0.3438949584960937,0.2118152976036072,0.4512002170085906,0.210101693868637,0.1314758956432342,0.1118064522743225,0.1112395972013473,0.1106806173920631,0.1117004305124282,0.1126417517662048,0.1099774613976478,0.1134239435195922,0.1126417517662048,0.1490131318569183,0.1480009257793426,0.2250991165637969,0.2172935456037521,0.3280112147331238,0.3886185884475708,0.2791751027107239,0.3110076487064361,0.2576773762702941,0.2834243178367615,0.2478649616241455,0.2708102166652679,0.2524459064006805,0.2784148156642914,0.5193164944648743,0.5254501104354857,0.6923704743385315,0.7277930378913878,0.8475844264030457,0.9103795289993286,0.8648217320442199,-0.3742645382881164,-0.4754960238933563,-0.570711314678192,-0.4753034710884094,-0.1058711782097816,-0.570711314678192,-0.2895298302173614,-0.4267246127128601,0.1661448925733566,-0.6463045477867126,-0.0933747813105583,-0.5541395545005798,-0.8681006431579591,-0.1665189564228058,-1.0000863075256348,-0.1710489243268966,-0.9665397405624389,-0.2034810185432434,-0.8832136392593383,-0.158351257443428,0.2283089905977249,-0.2284502685070037,0.505622923374176,0.0197341684252023,1.1181240081787107,0.2970214486122131,1.1726506948471067,0.3174331188201904,1.0480180978775024,0.026717996224761,5,1
0.4051112234592438,0.3981258869171143,0.395370215177536,0.3756605386734009,0.3464172482490539,0.321520984172821,0.4849291145801544,0.4645087420940399,0.4751304984092712,0.4456959664821625,0.460740864276886,0.3497717976570129,0.2192337065935135,0.4610025584697723,0.2138178944587707,0.1342412829399109,0.1144203543663024,0.1137779951095581,0.1131524890661239,0.1144009381532669,0.1144654303789138,0.1126696020364761,0.1150154024362564,0.1144654303789138,0.1511209309101104,0.1498340964317321,0.2243626564741134,0.2172893285751342,0.3107160031795501,0.385092794895172,0.2766656577587128,0.3115485310554504,0.2605164647102356,0.2887120544910431,0.2501457333564758,0.2762338817119598,0.2541257441043854,0.2827313542366028,0.5187531113624573,0.5249086618423462,0.6889773011207581,0.727515935897827,0.8486504554748534,0.9113941192626952,0.8664242029190062,-0.3594891428947449,-0.4579212963581084,-0.5432883501052856,-0.4577146172523498,-0.0967891067266464,-0.5432883501052856,-0.2828677892684936,-0.4137976765632629,0.1664977222681045,-0.626185417175293,-0.0653440281748771,-0.5366698503494263,-0.814943253993988,-0.1473651379346847,-0.94488525390625,-0.1518583446741104,-0.9165458083152772,-0.1899433732032776,-0.8316304683685303,-0.1414066702127456,0.2265402525663376,-0.2266269624233245,0.5310885906219481,0.0001107214193325,1.0903905630111694,0.1724464744329452,1.1375919580459597,0.1820536255836486,1.0047993659973145,-0.1036984100937843,5,1
0.4167854785919189,0.4093468189239501,0.4066044390201568,0.3881770372390747,0.3596428632736206,0.3358119130134582,0.4906876981258392,0.4760667085647583,0.4783047437667847,0.4503089189529418,0.4809371531009673,0.35855633020401,0.2256460189819336,0.4682952761650085,0.2190513014793396,0.1350536793470382,0.1149863451719284,0.1143589466810226,0.1137655377388,0.1149023175239562,0.1148333102464676,0.1131566017866134,0.1154001727700233,0.1148333102464676,0.1513918787240982,0.149961769580841,0.2239399254322052,0.216681033372879,0.307176798582077,0.3800076842308045,0.2713727653026581,0.3134248554706573,0.2546602189540863,0.2928856611251831,0.2459930628538132,0.2801322340965271,0.2501285970211029,0.2858636677265167,0.5182403326034546,0.5245926380157471,0.6858659982681273,0.7252402901649475,0.8473607301712035,0.9111580848693848,0.868435502052307,-0.3298390805721283,-0.4256481528282165,-0.5065933465957642,-0.4254800081253052,-0.0735891014337539,-0.5065933465957642,-0.2574084997177124,-0.3835109174251556,0.1764393299818038,-0.6014723181724548,-0.0471142753958702,-0.5210214257240297,-0.7596700191497802,-0.115986980497837,-0.8852456212043761,-0.1162301823496818,-0.8559563755989074,-0.152847409248352,-0.7754568457603455,-0.1089780628681182,0.2206899374723434,-0.2207222878932953,0.530541718006134,0.0001133723417297,1.0228862762451172,0.2033855468034744,1.0642580986022947,0.2172974646091461,0.9407798647880552,-0.0651207938790321,5,1
0.4419624209403992,0.4311935007572174,0.4277841746807098,0.4128100574016571,0.3812818229198456,0.361083298921585,0.5300653576850891,0.5081828832626343,0.5500792860984801,0.5167668461799622,0.5245799422264099,0.376954197883606,0.2419700026512145,0.4769884645938873,0.230033129453659,0.13852359354496,0.1166965812444686,0.1159770488739013,0.1153099536895752,0.1165196523070335,0.1162094697356224,0.1145553737878799,0.1170337051153182,0.1162094697356224,0.1546565145254135,0.1525570601224899,0.2237902581691741,0.2144645005464553,0.3132005929946899,0.3675237894058228,0.2751110196113586,0.315102756023407,0.2608364820480346,0.2959712445735931,0.2510627210140228,0.2831573486328125,0.2559215724468231,0.288540631532669,0.5156372785568237,0.5235331654548645,0.6852888464927673,0.7225016355514526,0.8522504568099974,0.9112359881401062,0.8790903091430664,-0.2638133764266968,-0.363478809595108,-0.4662841260433197,-0.3634032011032104,-0.0158701762557029,-0.4662841260433197,-0.1957572549581528,-0.3266574740409851,0.2270484268665313,-0.5931540131568909,0.0452122315764427,-0.5208743810653688,-0.6185633540153505,-0.065571941435337,-0.7398463487625122,-0.0609760135412216,-0.7334995865821838,-0.094157375395298,-0.644118070602417,-0.0559573769569397,0.2212109863758087,-0.2212633490562438,0.514479398727417,-0.0753668546676635,0.8961315751075744,0.0962922647595405,0.9224058985710144,0.1063573956489562,0.7467467188835144,-0.1764974743127823,5,1
0.4600716531276703,0.4493513405323028,0.4459237456321716,0.4309883415699004,0.3983179330825805,0.3780254423618316,0.5682750344276428,0.5338512659072876,0.5972390770912169,0.5679674744606018,0.5530036687850952,0.3924419879913329,0.2568182349205016,0.4833224415779114,0.235848844051361,0.1405606865882873,0.1183280944824218,0.1175758838653564,0.1168523654341697,0.1180313378572464,0.1179865151643753,0.1159299612045288,0.1189000010490417,0.1179865151643753,0.1571917831897735,0.1547730267047882,0.2240980565547943,0.2134905606508255,0.3159166276454925,0.3577883839607239,0.2771713137626648,0.3166932761669159,0.266638457775116,0.2989571690559387,0.2574940621852875,0.2839989960193634,0.2609941363334656,0.2898464798927307,0.5155776739120483,0.5232000350952148,0.6852067708969116,0.7217330932617188,0.8524874448776245,0.910967707633972,0.8796195983886719,-0.2588529288768768,-0.3600908517837524,-0.4737370014190674,-0.3599555492401123,-0.0136101879179477,-0.4737370014190674,-0.1918978095054626,-0.3254212439060211,0.2314548939466476,-0.6040135025978088,0.0651262253522872,-0.5373634099960327,-0.5858872532844543,-0.1205591410398483,-0.708441436290741,-0.1244526654481887,-0.712913453578949,-0.1552607268095016,-0.6161546111106873,-0.111758716404438,0.2222727388143539,-0.2222164422273636,0.5422596335411072,-0.0914265215396881,0.947160005569458,0.0789206251502036,0.9799709916114808,0.0892503336071968,0.8123697638511658,-0.1941761821508407,5,1
0.4775474965572356,0.4661237001419067,0.4626689553260803,0.4484582543373108,0.4152150154113769,0.3951268494129181,0.6087437272071838,0.5763734579086304,0.6368775963783264,0.6153498291969299,0.5989030599594116,0.4045436978340149,0.2693638801574707,0.4929695427417755,0.2408633977174759,0.1419311761856079,0.1193976551294326,0.1186471804976463,0.1179227232933044,0.1191314905881881,0.1199821084737777,0.1171057373285293,0.1206051930785179,0.1199821084737777,0.1590001434087753,0.1566159427165985,0.2242718189954757,0.2133329361677169,0.3106177747249603,0.3515323996543884,0.2791824638843536,0.3190730512142181,0.2771481871604919,0.3185060322284698,0.2716189920902252,0.300861120223999,0.2732849717140198,0.3013346791267395,0.5172591805458069,0.5260898470878601,0.6821014881134033,0.72189462184906,0.8483515977859497,0.9087646603584288,0.8787242174148558,-0.2532484829425812,-0.3545317649841308,-0.4798611104488373,-0.3542629182338714,-0.0177090652287006,-0.4798611104488373,-0.1883964538574218,-0.3224196434020996,0.2225556671619415,-0.6135792136192322,0.1422632485628128,-0.6100813746452332,-0.3923163414001465,-0.2263957560062408,-0.4996677935123444,-0.255379855632782,-0.5283273458480834,-0.2809775769710541,-0.429555058479309,-0.2199174463748932,0.2224680781364441,-0.2223962843418121,0.5539370775222777,-0.0840870887041091,0.94340318441391,0.1493011265993118,0.9730949401855468,0.1619481891393661,0.8169875144958496,-0.1522668749094009,5,1
0.4963942766189575,0.4845128655433655,0.4813598096370697,0.468064546585083,0.4334880709648132,0.4171292185783385,0.6568924784660339,0.6130514144897461,0.6890307664871216,0.6724653244018555,0.6395559310913086,0.4178061485290527,0.2860202491283417,0.5069107413291931,0.2529557645320892,0.142710655927658,0.1200336664915084,0.1193282157182693,0.1186550706624984,0.1197619065642356,0.121960736811161,0.1178895980119705,0.1220280081033706,0.121960736811161,0.1603679955005645,0.1580439954996109,0.2244728058576584,0.2133160829544067,0.3072300851345062,0.3479244709014892,0.2801355719566344,0.3287385106086731,0.2783870995044708,0.3280684053897857,0.2745608985424042,0.3099644482135772,0.2784506678581238,0.3107826709747314,0.5169467926025392,0.5260171890258789,0.6769151091575624,0.7216811180114746,0.8475536108016967,0.9084252119064332,0.8783681988716124,-0.2326188385486602,-0.3360427021980285,-0.4759106040000916,-0.3357600271701813,-0.0016586589626967,-0.4759106040000916,-0.1732859760522842,-0.311022937297821,0.2538984417915344,-0.6345528960227966,0.3877613842487335,-0.7581229209899902,0.1150693222880363,-0.5781269669532776,0.0532160215079784,-0.6503870487213135,-0.0078415358439087,-0.6607479453086853,0.0738036856055259,-0.5734431147575377,0.2278567850589752,-0.2275823205709457,0.5783927440643312,-0.1319999992847442,0.9809474349021912,0.0475367084145546,1.0056601762771606,0.0554130412638187,0.8258128762245177,-0.249182790517807,5,1
0.516947329044342,0.5048251152038574,0.5018089413642883,0.4890588223934173,0.4570141136646271,0.440376490354538,0.6612816452980042,0.6538256406784058,0.7022447586059569,0.6884918808937073,0.6844751834869385,0.427355021238327,0.3019468188285828,0.5152890682220458,0.2730906307697296,0.1450870931148529,0.1227140426635742,0.1220992654561996,0.1214680075645446,0.122042216360569,0.1242728382349014,0.1199607700109481,0.1249900013208389,0.1242728382349014,0.1619794070720672,0.1596191376447677,0.2261646687984466,0.2117472887039184,0.3165868818759918,0.3387068510055541,0.2938345670700072,0.3296158015727997,0.2886068224906921,0.3284956514835357,0.283042699098587,0.3109136521816253,0.2902401983737945,0.3115839958190917,0.5168544054031372,0.5257493257522583,0.6757283210754395,0.721355676651001,0.8473731875419616,0.9072270393371582,0.8781718015670776,-0.1737242043018341,-0.2703418135643005,-0.4014902412891388,-0.2701729536056518,0.0425337813794612,-0.4014902412891388,-0.1185776740312576,-0.2474308609962463,0.2837800979614258,-0.592526912689209,0.3792798817157745,-0.6982670426368712,0.0792664811015129,-0.4626445472240448,0.0150276394560933,-0.5148047804832457,-0.0356543026864528,-0.5240904092788696,0.0404049530625343,-0.4547891318798064,0.2270520776510238,-0.2267469614744186,0.5523102283477783,-0.1347042620182037,0.9088394045829774,0.0197134539484977,0.9325163960456848,0.026998883113265,0.7663155198097229,-0.2543796002864837,5,1
0.5577555298805237,0.5458826422691345,0.5421686172485352,0.5316670536994934,0.4980103373527527,0.4851660132408142,0.6976591348648071,0.7281257510185242,0.745444416999817,0.7408714890480042,0.7706812620162963,0.4399490058422088,0.3424197435379028,0.5342543125152588,0.2972687482833862,0.1472119688987732,0.1242087855935096,0.1235604062676429,0.1229230388998985,0.1237662211060524,0.1266163140535354,0.1219810098409652,0.1265680491924286,0.1266163140535354,0.1641139686107635,0.1616189181804656,0.2264231890439987,0.2097726762294768,0.3363335728645324,0.3309819400310516,0.3278444111347198,0.3242418169975281,0.3276637196540832,0.3239206671714782,0.3155883848667145,0.3084066808223724,0.3152020871639252,0.3063151240348816,0.5167273283004761,0.5231854319572449,0.670249342918396,0.7173758745193481,0.8469145894050598,0.9037600755691528,0.8774770498275757,-0.1177306473255157,-0.2171243727207184,-0.3801216483116149,-0.2171080410480499,0.0757491141557693,-0.3801216483116149,-0.0671699196100235,-0.1992532312870025,0.341806411743164,-0.5781729221343994,0.6052637696266174,-0.7275994420051575,0.4716796576976776,-0.644817292690277,0.4470416307449341,-0.7246193885803223,0.3676332235336304,-0.717158854007721,0.4270556867122649,-0.6375582218170166,0.2392157614231109,-0.2387182861566543,0.4684879183769225,-0.1624602377414703,0.7511921525001526,0.00414265319705,0.7656298279762269,0.0107369432225823,0.6096744537353516,-0.2552875578403473,5,1
0.58577561378479,0.5738204717636108,0.5709062218666077,0.559514582157135,0.5253421664237976,0.5139874219894409,0.6929849982261658,0.7663947939872741,0.7439948916435242,0.7396891117095947,0.8092350363731384,0.4489005208015441,0.3705224692821503,0.5430087447166443,0.3097287118434906,0.1484619975090026,0.1256095468997955,0.1250688731670379,0.1245181411504745,0.1250499039888382,0.1279517710208892,0.1233250275254249,0.1279527842998504,0.1279517710208892,0.1657072007656097,0.1631675809621811,0.2266886681318283,0.2095553129911422,0.3500863313674927,0.3284157812595367,0.3630601167678833,0.3247223198413849,0.3646711409091949,0.3268375098705292,0.3532281219959259,0.3125308156013489,0.3506138622760772,0.3119654953479767,0.5173225998878479,0.5231426954269409,0.6701399087905884,0.7159072160720825,0.8454965353012085,0.9024405479431152,0.8767806887626648,-0.1166726648807525,-0.2164670675992965,-0.3815418183803558,-0.2164167016744613,0.0770145654678344,-0.3815418183803558,-0.064865194261074,-0.1976802200078964,0.355121374130249,-0.5825612545013428,0.6125179529190063,-0.7510255575180053,0.4912390410900116,-0.677165150642395,0.4728829562664032,-0.7610893845558167,0.3891663551330566,-0.7424306273460387,0.445951759815216,-0.6663156151771545,0.2489817142486572,-0.2484167367219925,0.4860876202583313,-0.1462599337100982,0.8340415358543397,0.0326397642493248,0.855488359928131,0.0395974889397621,0.7066152095794678,-0.2297601252794265,5,1
0.6117615103721619,0.5998577475547792,0.5966339111328125,0.5869566202163696,0.5495796203613281,0.5422793626785278,0.7331410646438599,0.7949126958847046,0.7773222327232362,0.77726149559021,0.8417030572891235,0.4514878988265991,0.387391209602356,0.5344993472099304,0.322184145450592,0.1490405052900314,0.1263509690761566,0.125871479511261,0.1253892183303833,0.125813826918602,0.1286890208721161,0.124182105064392,0.1288265585899353,0.1286890208721161,0.1663751900196075,0.1638273894786834,0.2279359400272369,0.2093690931797027,0.3498802185058594,0.3251417577266692,0.3681481182575226,0.3283438384532928,0.3779806494712829,0.3368609547615051,0.3686922788619995,0.3223896026611328,0.3653834462165833,0.3218227326869964,0.5172337293624878,0.5219718217849731,0.6714884042739868,0.7153971195220947,0.8449236750602721,0.8969319462776184,0.8764556050300598,-0.0894658714532852,-0.1863527148962021,-0.353320986032486,-0.1862704455852508,0.0921570807695389,-0.353320986032486,-0.0380871817469596,-0.1668656915426254,0.3640855550765991,-0.5531342029571533,0.6015138626098633,-0.7146036624908447,0.4950094819068908,-0.6113634705543518,0.4785584807395935,-0.6898553371429443,0.3943417370319366,-0.669342875480652,0.4503936767578125,-0.5997300744056702,0.247384637594223,-0.2468816488981246,0.4888613820075989,-0.1292262226343155,0.8075541853904723,0.0626330450177192,0.8287314772605896,0.0714314803481102,0.6972599625587463,-0.1783943623304367,5,1
0.6369946599006653,0.6260306239128113,0.6223127841949463,0.6113393902778625,0.5733487010002136,0.5641566514968872,0.7501710057258606,0.8472044467926025,0.7949130535125731,0.7950073480606078,0.8917317986488342,0.4622996151447296,0.3880211710929871,0.5312594771385193,0.3310937285423279,0.1492129117250442,0.1272034049034118,0.1267915070056915,0.126369908452034,0.1265809386968612,0.1290277540683746,0.1249786615371704,0.129442423582077,0.1290277540683746,0.1665205061435699,0.1641368567943572,0.2317465543746948,0.2071161717176437,0.35848468542099,0.3183797001838684,0.3870456516742706,0.3279257416725158,0.3892315924167633,0.3348592817783356,0.3870296776294708,0.3198346495628357,0.3841768801212311,0.3196960687637328,0.5145598649978638,0.515471875667572,0.6695455312728882,0.7100873589515686,0.8399420976638795,0.8913881182670593,0.8704166412353516,-0.0629962459206581,-0.1506128013134002,-0.2986182272434234,-0.1505771726369857,0.1052576899528503,-0.2986182272434234,-0.0147805269807577,-0.1316337883472442,0.3518016934394836,-0.4827560484409332,0.5562118291854857,-0.6486543416976929,0.4428709149360657,-0.5954462289810181,0.4277086853981017,-0.6727910041809082,0.3386312425136566,-0.6440144777297974,0.3980981707572937,-0.5817029476165771,0.2268922626972198,-0.2264686822891235,0.3988885581493377,-0.1230194196105003,0.6894498467445374,0.0255417935550212,0.7100664973258972,0.0309410076588392,0.5996748805046082,-0.2044946253299712,5,1
0.6578587293624878,0.6436867713928223,0.6397271156311035,0.6291462182998657,0.5906565189361572,0.5840145349502563,0.7477554082870483,0.8657154440879821,0.7866731286048889,0.7873668074607849,0.8958104252815247,0.4775578379631041,0.398907482624054,0.53388911485672,0.3373531699180603,0.1496386975049972,0.1288065612316131,0.128399521112442,0.1280174553394317,0.128363162279129,0.1302643120288849,0.1270080059766769,0.1308363080024719,0.1302643120288849,0.1667544096708297,0.1645801216363906,0.2335643470287322,0.2048123180866241,0.3579447865486145,0.3162132501602173,0.3896824419498444,0.3377049267292022,0.3998381793498993,0.3415995240211487,0.3909396529197693,0.3365797102451324,0.3868740200996399,0.3304822742938995,0.5141963958740233,0.5129739046096802,0.6694175004959105,0.7071215510368347,0.8393471837043761,0.8834162950515747,0.87008798122406,-0.0511388517916202,-0.1391852498054504,-0.2953692674636841,-0.1391457170248031,0.1085885912179946,-0.2953692674636841,-0.0009125551441684,-0.1178707778453826,0.3677360415458679,-0.4862630963325501,0.5587266087532043,-0.6081743836402893,0.4584050178527832,-0.5688086748123169,0.4492559134960175,-0.6369580030441284,0.3650604784488677,-0.5613358616828918,0.4155616462230682,-0.5301099419593811,0.2265289723873138,-0.2261129319667816,0.4315475821495056,-0.0934067592024803,0.7311352491378784,0.1140333265066146,0.752837061882019,0.1289646625518798,0.6336598992347717,-0.0897813662886619,5,1
0.6908860206604004,0.6795348525047302,0.6759612560272217,0.6655340790748596,0.6288607120513916,0.6212327480316162,0.7576321363449096,0.9117576479911804,0.782572329044342,0.7993714809417725,0.9242738485336304,0.4680219888687134,0.4333786964416504,0.5287794470787048,0.3550679981708526,0.1537264585494995,0.1328330785036087,0.1324154436588287,0.1320259273052215,0.1323458403348922,0.1330459415912628,0.1309406459331512,0.1339340955018997,0.1330459415912628,0.1701191365718841,0.1683108210563659,0.2362163364887237,0.204064816236496,0.3614565134048461,0.3117265999317168,0.39826101064682,0.324384480714798,0.397291362285614,0.3248900771141052,0.3949682116508484,0.3124911785125732,0.3936344981193542,0.3134426176548004,0.5115820169448853,0.5083135366439819,0.6699669361114502,0.7027131915092468,0.8394547700881958,0.883899688720703,0.8724972009658812,-0.0072624743916094,-0.0923045501112937,-0.2542904913425445,-0.0922071635723113,0.132600724697113,-0.2542904913425445,0.0383435897529125,-0.0739295035600662,0.3811615705490112,-0.4449735879898071,0.5449841022491455,-0.5091179013252257,0.4468058347702026,-0.3088833391666412,0.4409311413764953,-0.3588174581527709,0.3701548278331756,-0.321523904800415,0.4090554118156432,-0.2890577912330627,0.2242695540189743,-0.2238373160362244,0.3956120014190674,-0.0591623820364475,0.6339569687843323,0.1269927471876144,0.6503626704216003,0.1402675509452819,0.5403302311897278,-0.057451345026493,5,1
0.7078439593315125,0.6965149641036987,0.6929517388343811,0.6836570501327515,0.6426039934158325,0.6396793127059937,0.7773605585098265,0.925930380821228,0.800864577293396,0.8233376145362854,0.943594455718994,0.4646804928779601,0.4447804391384125,0.5161398053169249,0.371103823184967,0.156814619898796,0.1360349655151367,0.1355111747980117,0.1350409835577011,0.13570037484169,0.1349853426218032,0.1340600550174713,0.1363269835710525,0.1349853426218032,0.1725412458181381,0.17105033993721,0.2398150265216827,0.20396289229393,0.3644810318946838,0.3109981417655945,0.4034363329410553,0.3221867680549621,0.4013144075870513,0.3247527480125427,0.4001801013946532,0.312486469745636,0.3991651237010956,0.3142321109771728,0.5079932808876038,0.5024333000183105,0.6704679727554321,0.6963610649108887,0.8421691656112672,0.8696247339248657,0.8756169080734254,-0.0157243348658084,-0.0992040336132049,-0.2576771080493927,-0.0990347862243652,0.1216651201248168,-0.2576771080493927,0.0307720713317394,-0.0790696814656257,0.3657051026821136,-0.429837167263031,0.531919002532959,-0.5077585577964783,0.4389683604240417,-0.3503858149051666,0.4343951642513275,-0.4060779511928558,0.3593445122241974,-0.372016578912735,0.400471955537796,-0.3326563239097595,0.2180579900741577,-0.2177142053842544,0.3831154406070708,-0.0297307521104812,0.6331190466880798,0.1759491860866546,0.6512769460678101,0.1922380477190017,0.5371593236923218,0.0140648605301976,5,1
0.7178035974502563,0.7096694707870483,0.7063060998916626,0.6949663758277893,0.6575385332107544,0.6500506401062012,0.78571879863739,0.9178059697151184,0.8287234902381898,0.8376948833465576,0.9361119866371154,0.4640170633792876,0.4551763832569122,0.506055474281311,0.3828037679195404,0.1582605540752411,0.137935608625412,0.1375394165515899,0.137186974287033,0.1375739723443984,0.1368901431560516,0.1360189020633697,0.1387131512165069,0.1368901431560516,0.1741015911102295,0.1727583408355713,0.2427424937486648,0.204056829214096,0.3689033091068268,0.3139122724533081,0.4149086475372313,0.3304795622825622,0.4187904298305512,0.3397708535194397,0.4160670340061188,0.3337512612342834,0.4138143658638,0.3305372595787048,0.502938449382782,0.4960596561431885,0.6707837581634521,0.691270112991333,0.8442398309707642,0.8641220927238464,0.8763954043388367,-0.0034812281373888,-0.0822085291147232,-0.2302699983119965,-0.0820065140724182,0.1268661171197891,-0.2302699983119965,0.0407469794154167,-0.0630199536681175,0.362678736448288,-0.4031105041503905,0.5251936912536621,-0.4554316699504852,0.4431904554367065,-0.2803865075111388,0.4359357953071593,-0.3270066082477569,0.3611446022987366,-0.2985803484916687,0.4047607779502868,-0.2641282081604004,0.2116873860359192,-0.2114680409431457,0.3703230619430541,-0.0287077818065881,0.6035802364349365,0.1693286001682281,0.6199662685394287,0.1851055175065994,0.511882483959198,0.0077958577312529,5,1
0.7254381179809569,0.7174971699714661,0.7144841551780701,0.7004848718643188,0.6676149964332581,0.6578064560890198,0.7947337031364442,0.9125847816467284,0.8377465009689331,0.8451566100120544,0.9361461400985716,0.4698512256145477,0.4548111259937286,0.510403037071228,0.3890158236026764,0.1596340984106063,0.1398239582777023,0.1394204348325729,0.1390472948551178,0.1394011825323104,0.1382139772176742,0.1376953721046447,0.1402714550495147,0.1382139772176742,0.1752993166446685,0.1738524734973907,0.2422711551189422,0.2035085260868072,0.3690437972545624,0.3148468732833862,0.4146965146064758,0.3420923054218292,0.4223383963108063,0.3730442821979522,0.4207614064216614,0.3592848181724548,0.4154419302940368,0.3450953364372253,0.4948006570339202,0.4883557856082916,0.670626699924469,0.6881458163261414,0.8453613519668579,0.8577436208724974,0.8780352473258973,-0.0135073671117424,-0.0943181812763214,-0.241328552365303,-0.0940990522503852,0.1244296580553054,-0.241328552365303,0.0312407314777374,-0.0754726231098175,0.3638990223407745,-0.4196443259716033,0.5367016196250916,-0.4933253526687622,0.462572991847992,-0.3036714196205139,0.456902265548706,-0.3395587801933288,0.3756313323974609,-0.3476488590240478,0.421599954366684,-0.2960831522941589,0.2107937932014465,-0.2105946391820907,0.3389238119125366,-0.0461240783333778,0.5585749745368958,0.129470020532608,0.5720666646957396,0.1425306051969528,0.4501537382602692,-0.0020713838748633,5,1
0.7355061769485474,0.7272815108299254,0.7242516279220581,0.7098973989486694,0.674886167049408,0.6673810482025145,0.8116575479507446,0.956470549106598,0.8534680604934691,0.8599528670310974,0.9746958613395692,0.4757353365421295,0.4464176297187804,0.5214985609054564,0.3819071054458617,0.1627502143383026,0.1431629061698913,0.1426820605993271,0.1422152370214462,0.1425098776817321,0.140405923128128,0.1402838826179504,0.1429565846920013,0.140405923128128,0.1775789409875869,0.1760072261095046,0.2438928782939911,0.2035516202449798,0.3721682727336884,0.3162241280078888,0.4178945422172546,0.3369075655937195,0.4254048466682433,0.3412494659423828,0.4242692589759826,0.3368308246135712,0.4185875356197356,0.336315393447876,0.490356832742691,0.4794928431510925,0.6682835221290588,0.6865233182907104,0.8447362780570983,0.8631641268730164,0.8778419494628905,-0.0252878852188587,-0.1041854247450828,-0.235566645860672,-0.1040223836898803,0.1209852322936058,-0.235566645860672,0.0190552305430173,-0.0859990641474723,0.358483761548996,-0.4022791981697082,0.5200396776199341,-0.5014682412147522,0.4298895001411437,-0.4065733253955841,0.4194179475307464,-0.4797164797782897,0.3332939147949219,-0.4455906450748444,0.3875579833984375,-0.3929109275341033,0.2054549604654312,-0.2051986753940582,0.3218023478984833,-0.0812839269638061,0.517163097858429,0.046987447887659,0.5268958806991577,0.0546966083347797,0.3950226306915283,-0.1382214426994323,5,1
0.7463350892066956,0.7382328510284423,0.735245406627655,0.7212416529655457,0.6866300106048584,0.6792885065078735,0.8231353163719177,0.950700044631958,0.8730448484420776,0.8728440999984741,0.9701440334320068,0.4790209829807281,0.4462442994117737,0.5252655148506165,0.39014333486557,0.1648456752300262,0.1456484198570251,0.1450358778238296,0.1444219648838043,0.144797682762146,0.1419657170772552,0.1421044915914535,0.1445697247982025,0.1419657170772552,0.1792326867580413,0.1775740832090377,0.2440623939037322,0.2035647332668304,0.3726225793361664,0.31725013256073,0.4187164306640625,0.3432466685771942,0.4255832135677337,0.3508060276508331,0.4186453223228455,0.339040070772171,0.414379209280014,0.3396953642368316,0.4894363880157471,0.478416383266449,0.6677723526954651,0.6819753050804137,0.8445549011230468,0.8536189198493956,0.8750634193420409,-0.0273782312870025,-0.1079591736197471,-0.2412715703248977,-0.1077852472662925,0.1236420199275016,-0.2412715703248977,0.0169024355709552,-0.0899874493479728,0.3608728051185608,-0.4178930819034576,0.5513046979904175,-0.5166497230529785,0.4663215279579162,-0.4670811593532561,0.4549909830093384,-0.5455480217933655,0.3646323680877685,-0.5068257451057434,0.4216975271701813,-0.4511935412883759,0.2067099511623382,-0.2064498960971832,0.3224524259567261,-0.0912476629018783,0.538727343082428,0.0545756295323371,0.550769567489624,0.063886746764183,0.4215916097164153,-0.137805163860321,5,1
0.7525022625923156,0.7431676983833314,0.7401980757713318,0.726763904094696,0.694520890712738,0.6854317784309387,0.8243488669395447,0.9177486896514891,0.8671928644180298,0.8767071962356566,0.9385188817977904,0.4952027201652527,0.4432098269462585,0.5424378514289856,0.3890807628631592,0.1658087074756622,0.1468628793954849,0.1460745930671692,0.1452120989561081,0.1460103541612625,0.1424998193979263,0.1428551524877548,0.144934520125389,0.1424998193979263,0.1800192147493362,0.1783744096755981,0.2424079626798629,0.2023431807756424,0.3690160214900969,0.3176077604293823,0.4111758172512054,0.367464005947113,0.4157924652099609,0.3854946494102478,0.4098405838012695,0.3724440634250641,0.4069491326808929,0.3692453503608704,0.4889873564243316,0.4783288836479187,0.6680275797843933,0.6826934814453125,0.8435167074203491,0.8565788269042968,0.8740367889404298,-0.0290788076817989,-0.1142419949173927,-0.2545328438282013,-0.1140599697828292,0.1283088624477386,-0.2545328438282013,0.0159445144236087,-0.0960088446736335,0.387499988079071,-0.4366130828857422,0.5965412855148315,-0.5550903677940369,0.5208397507667542,-0.5232671499252319,0.5127659440040588,-0.6063171029090881,0.4227496981620788,-0.5664560198783875,0.4754184782505035,-0.506183385848999,0.219296708703041,-0.2188006043434143,0.3150344789028168,-0.156635120511055,0.5211677551269531,-0.0478497892618179,0.5310575962066649,-0.0456976927816867,0.396085113286972,-0.2801330685615539,5,1
0.7532822489738464,0.7429989576339722,0.7397715449333192,0.7292932868003845,0.6949249505996704,0.6897254586219788,0.8331013321876525,0.9022116661071776,0.8821414709091185,0.8805646300315858,0.9341977238655088,0.4900377094745636,0.4460680782794952,0.5405517220497131,0.3948157429695129,0.1666813939809799,0.1481146067380905,0.1472630500793457,0.1462967991828918,0.1470653712749481,0.142909899353981,0.143680602312088,0.1451653242111206,0.142909899353981,0.1806176602840423,0.1788619458675384,0.2390583753585815,0.2007682770490646,0.3681081831455231,0.3188481032848358,0.4081630706787109,0.3804810047149657,0.4138791561126709,0.3969886898994446,0.4096872210502625,0.3836323916912079,0.4067427515983581,0.3798524141311645,0.4867559969425201,0.4756122231483459,0.6681131720542908,0.6817862391471863,0.8433762788772582,0.8575429916381837,0.8722333908081055,-0.012863416224718,-0.0967041030526161,-0.2394085526466369,-0.0965210273861885,0.1375506669282913,-0.2394085526466369,0.0309683829545974,-0.079137422144413,0.3882170915603637,-0.427701860666275,0.5862606763839722,-0.5291458368301392,0.5087254643440248,-0.4890898764133453,0.5018890500068665,-0.561559796333313,0.4126274883747101,-0.5308427810668945,0.4638006389141082,-0.4735920429229736,0.2185160815715789,-0.2180446833372116,0.3204493522644043,-0.1405348181724548,0.5274384021759033,-0.0195181984454393,0.5378053188323976,-0.0148945348337292,0.4125904142856597,-0.2348549365997314,5,1
0.7565491795539856,0.7455465793609619,0.7419739365577698,0.7333635687828064,0.6961504817008972,0.6935176253318787,0.8186803460121154,0.899685502052307,0.8637366294860839,0.8691832423210144,0.9360907673835752,0.4870066046714783,0.4485501646995544,0.5379499793052673,0.4002602398395538,0.1671513617038726,0.1485134363174438,0.1475824266672134,0.1465043425559997,0.147474467754364,0.1429968029260635,0.1439783871173858,0.1449808478355407,0.1429968029260635,0.1809822916984558,0.1791477054357528,0.2370976954698562,0.2004402428865432,0.3691038489341736,0.3254284262657165,0.4109284281730652,0.3865957856178284,0.4189620018005371,0.4037771224975585,0.4134144186973572,0.3900415301322937,0.4100311696529389,0.3859289884567261,0.4866710603237152,0.4759199023246764,0.6681900024414064,0.6799582839012146,0.8433987498283385,0.8539897799491881,0.8721567988395691,-0.0058774887584149,-0.0907866582274436,-0.238775297999382,-0.0906293466687202,0.1427308470010757,-0.238775297999382,0.0378280617296695,-0.0737419947981834,0.3918355703353882,-0.4281539618968964,0.5876567363739014,-0.5247687697410583,0.501487672328949,-0.4761385321617126,0.495071142911911,-0.5473328232765198,0.4040498435497284,-0.5139471888542175,0.4558303952217102,-0.4595378339290618,0.2182862609624862,-0.2178341299295425,0.3233004808425904,-0.1293777227401733,0.5421921014785768,0.0097325993701815,0.5539739131927489,0.0168852694332599,0.4317822456359863,-0.2027990072965621,5,1
0.7586206793785094,0.7480751872062683,0.7446558475494384,0.7355111241340637,0.6987228989601135,0.6956779956817627,0.806731939315796,0.8970627784729005,0.8442813158035278,0.8679574131965637,0.9406260848045348,0.4813624620437622,0.4517956078052521,0.5365917682647705,0.4028154015541076,0.1672559976577758,0.1485858112573623,0.1476254761219024,0.14649698138237,0.1475795954465866,0.1430290341377258,0.1440895199775695,0.1448215842247009,0.1430290341377258,0.181130975484848,0.1792878061532974,0.2349798679351806,0.2004753053188324,0.3696287274360657,0.3334419131278992,0.4127006530761719,0.3914043307304382,0.4193983674049377,0.4050014019012451,0.4152879118919372,0.391839325428009,0.4120953083038329,0.3887300193309784,0.4860413074493408,0.4760823249816895,0.6692895889282227,0.6806269884109497,0.8468999862670897,0.8559368252754211,0.8750334978103637,0.0023906091228127,-0.084422767162323,-0.2370696365833282,-0.0842811539769172,0.1521069556474685,-0.2370696365833282,0.0455990247428417,-0.0683414787054061,0.4024364948272704,-0.428610622882843,0.5863586664199829,-0.5132023692131041,0.4994521737098694,-0.4617201089859009,0.4938885569572449,-0.5355718731880188,0.4072639942169189,-0.4890982806682586,0.4553782939910888,-0.44070565700531,0.2182933390140533,-0.2178424894809723,0.3029538393020629,-0.1362375766038894,0.5073138475418091,0.0042888908647,0.5163648128509521,0.0116795739158988,0.3833869397640228,-0.2021107524633407,5,1
0.7571951746940612,0.7474561929702759,0.744321882724762,0.7350254654884337,0.6989790797233582,0.6953999996185303,0.7360500693321229,0.8971601724624634,0.751731812953949,0.7723504900932312,0.9435133934020996,0.4798823595046997,0.4555305540561676,0.5360804200172424,0.403208464384079,0.167103424668312,0.1483295410871505,0.1473634988069534,0.1462359726428985,0.1474184393882751,0.1430385559797286,0.1440332382917404,0.1446828991174698,0.1430385559797286,0.1810353249311447,0.1792543232440948,0.2331884652376175,0.2015631645917892,0.3702464997768401,0.3558312058448791,0.4198586940765381,0.3998708426952361,0.4375883936882019,0.4135900139808655,0.430107980966568,0.3952431380748749,0.4278534948825836,0.3908661007881164,0.4868830740451813,0.4772088527679443,0.673841655254364,0.6824609637260437,0.8509330749511719,0.8599148988723754,0.8784993886947632,-0.0164700876921415,-0.1050284951925277,-0.2650143206119537,-0.1050421595573425,0.1303499937057495,-0.2650143206119537,0.0222883056849241,-0.0936617851257324,0.378466546535492,-0.4559150636196136,0.5031486749649048,-0.510138750076294,0.4046524167060852,-0.3655740916728973,0.3959743976593017,-0.4265233874320984,0.3243840038776397,-0.3883278667926788,0.3658272624015808,-0.3462854325771332,0.2209421992301941,-0.2205442786216736,0.3143913447856903,-0.1307454705238342,0.5311540365219116,0.0457490645349025,0.5434397459030151,0.05612488463521,0.4134278297424317,-0.1596666276454925,5,1
0.754779040813446,0.744964599609375,0.7420979738235474,0.7326011657714844,0.6969150304794312,0.6928256154060364,0.6180349588394165,0.8912869095802307,0.6300662755966187,0.6429891586303711,0.940246045589447,0.4791435301303864,0.4593431651592255,0.5349859595298767,0.4106687307357788,0.1667616069316864,0.148254245519638,0.1473096162080764,0.146139994263649,0.1473068296909332,0.142972931265831,0.1439481526613235,0.1446064114570617,0.142972931265831,0.1806007623672485,0.1788787841796875,0.2316824644804,0.2021209448575973,0.3700279593467712,0.3636606335639953,0.4485506117343903,0.3983756005764008,0.4688431322574616,0.4114143848419189,0.4623365998268128,0.3919977247714996,0.4561533331871032,0.3879745602607727,0.4874358773231506,0.4776905477046967,0.6748566031455994,0.6830650568008423,0.851566195487976,0.8601534962654114,0.879188895225525,-0.0714869871735572,-0.1576160043478012,-0.3125132918357848,-0.1576053351163864,0.076248750090599,-0.3125132918357848,-0.0321500450372695,-0.1457301974296569,0.3135427236557007,-0.4927258789539336,0.4277737438678741,-0.513181746006012,0.3225840032100677,-0.332021951675415,0.3050687909126282,-0.3865298926830292,0.2433415949344635,-0.3595708608627319,0.2875613868236542,-0.3159736096858978,0.2211452722549438,-0.2207663357257843,0.3204456269741058,-0.1253691017627716,0.5545750260353088,0.0937694534659385,0.5649687647819519,0.1065219789743423,0.4290483295917511,-0.1139705777168274,5,1
0.7520439028739929,0.7424328327178955,0.7397492527961731,0.7301902770996093,0.6945831179618835,0.6896589994430542,0.6531510949134827,0.8677305579185485,0.6881932020187378,0.7001270055770874,0.921082615852356,0.4782706797122955,0.4592017829418182,0.532272219657898,0.4075529277324677,0.1656173020601272,0.1476140469312667,0.146669328212738,0.1455029994249344,0.1468567848205566,0.142881378531456,0.143719732761383,0.143931359052658,0.142881378531456,0.1792836487293243,0.1775093972682953,0.2309941053390503,0.2022682875394821,0.3698000311851501,0.3633781969547272,0.4377453923225402,0.3921679258346557,0.4659920632839202,0.4038119912147521,0.4610291123390198,0.3872539103031158,0.4566671848297119,0.3842125535011292,0.4877067506313324,0.4790422916412353,0.6749575734138489,0.6836179494857788,0.8516543507575988,0.8615069389343261,0.8792096972465515,-0.0943550616502761,-0.177608236670494,-0.3227181434631348,-0.1775307208299636,0.0548110492527484,-0.3227181434631348,-0.0515932291746139,-0.1614982783794403,0.289696455001831,-0.49078768491745,0.4137265086174011,-0.5221749544143677,0.2865875959396362,-0.36496701836586,0.263044536113739,-0.4224169552326202,0.1861898154020309,-0.4133735299110412,0.2445421069860458,-0.3587218821048736,0.2190281301736832,-0.2186753004789352,0.3372105360031128,-0.1061973646283149,0.5733423829078673,0.0991591140627861,0.5830467939376831,0.1110123842954635,0.451643705368042,-0.1031433641910552,5,1
0.7489726543426514,0.7394606471061705,0.7367839217185974,0.7266247272491454,0.6918178796768188,0.6860580444335938,0.7285987734794616,0.8435304164886473,0.7523013353347777,0.7958202958106994,0.8894944787025452,0.4834454357624053,0.4572875499725342,0.5344741344451904,0.4059128165245056,0.1634332239627838,0.1450770944356918,0.1441192328929901,0.1429605185985565,0.1445222795009613,0.1408071219921112,0.1415038853883743,0.1416127979755401,0.1408071219921112,0.1771975606679916,0.1752848774194717,0.2306667268276214,0.2022905647754669,0.3695724904537201,0.3622770309448241,0.4063168466091156,0.3885458409786224,0.4346192479133605,0.4004836976528168,0.4226071834564209,0.379938393831253,0.3978950679302216,0.3802290558815001,0.4879469275474548,0.4795456826686859,0.6759363412857056,0.6838051080703735,0.8527386784553527,0.8625348806381226,0.8797386884689331,-0.1017847284674644,-0.1910609155893325,-0.3428297936916352,-0.1909754574298858,0.0588918589055538,-0.3428297936916352,-0.0555464848875999,-0.1725312173366546,0.3068809807300568,-0.5186777710914612,0.4293690919876098,-0.5828723311424255,0.3260717689990997,-0.482224315404892,0.3078359067440033,-0.560198187828064,0.2303468734025955,-0.529448628425598,0.2855429649353027,-0.4686204791069031,0.2236220687627792,-0.2231650501489639,0.3386626839637756,-0.135027140378952,0.5724132657051086,0.0553129985928535,0.5822755694389343,0.064596876502037,0.4432350993156432,-0.1669971495866775,5,1
0.74787700176239,0.7389985918998718,0.7364963293075562,0.7252269983291627,0.6901394128799438,0.6856012344360352,0.719961404800415,0.8246773481369017,0.73452091217041,0.7642856240272523,0.8609737753868102,0.4832088351249695,0.4590076506137848,0.5332745909690857,0.4086087644100188,0.1602840572595596,0.1415843963623047,0.1405467391014099,0.1393646299839019,0.1413314640522003,0.1383119821548462,0.1387257277965545,0.1383906453847885,0.1383119821548462,0.1739950627088546,0.1720527708530426,0.2266282141208648,0.2027090489864349,0.3680109083652496,0.3642644882202149,0.3869208097457886,0.3742699027061462,0.4135607182979584,0.3758154809474945,0.4008336961269378,0.3543086349964142,0.3943391442298888,0.3545228242874145,0.4880360662937164,0.4813621640205383,0.6771630048751831,0.6869269609451294,0.8529037237167358,0.8651586771011353,0.8798632621765136,-0.11370450258255,-0.2032766342163085,-0.3618713021278381,-0.203222781419754,0.0424286983907222,-0.3618713021278381,-0.0671918541193008,-0.1845969259738922,0.3014646470546722,-0.5344834923744202,0.4287213981151581,-0.5810569524765015,0.2698288261890411,-0.4557531177997588,0.240953043103218,-0.5333622694015503,0.1582112163305282,-0.5105504989624025,0.2230730503797531,-0.4453552961349487,0.2273319661617279,-0.2267641723155975,0.3568617105484009,-0.1312728524208068,0.5927871465682983,0.0558432638645172,0.6028799414634705,0.0651685893535614,0.4655013680458069,-0.1639694422483444,5,1
0.738256573677063,0.7268902063369752,0.7243465781211853,0.7120823264122009,0.68088299036026,0.6704365015029907,0.7186335325241089,0.746699869632721,0.7399493455886842,0.7488901615142822,0.7686680555343629,0.4822748899459839,0.4593846499919891,0.5287891626358032,0.4071773588657379,0.1542612314224243,0.1342043578624725,0.1332436650991439,0.1323239207267761,0.1342849433422088,0.1326064467430114,0.1323933154344558,0.1326278448104858,0.1326064467430114,0.1677037626504898,0.1659140735864639,0.2202837467193603,0.2033163607120513,0.3575990796089172,0.3685315549373626,0.3314008712768554,0.3370271325111388,0.3180268704891205,0.3246978521347045,0.3008167147636413,0.3063932061195373,0.3039740622043609,0.3098443746566772,0.4880886673927307,0.4870076775550842,0.6781699061393738,0.6885451674461365,0.8528552055358887,0.865172266960144,0.8798844218254089,-0.1548913866281509,-0.2463913112878799,-0.3938516378402709,-0.2463939487934112,0.0191245768219232,-0.3938516378402709,-0.1046778038144111,-0.2245184183120727,0.2881205976009369,-0.5356958508491516,0.2627413570880889,-0.440802127122879,-0.1388681530952453,0.0381425842642784,-0.2032341361045837,0.0435257293283939,-0.2200814336538314,0.0275301449000835,-0.1665581315755844,0.0479117818176746,0.2308655381202697,-0.2303898632526397,0.4422564506530761,-0.0660791620612144,0.7091228365898132,0.1585407108068466,0.7235930562019347,0.1740272045135498,0.5944676995277405,-0.0405771099030971,5,1
0.719813883304596,0.7093067765235901,0.7084057927131653,0.6856846809387207,0.6723024845123291,0.6413906812667847,0.7185483574867249,0.7265301942825316,0.7409541606903075,0.733860433101654,0.7444789409637451,0.4972127377986908,0.4517793357372284,0.5360219478607178,0.4059688150882721,0.1490162014961242,0.128873661160469,0.1282766908407211,0.1277312189340591,0.1285339295864105,0.1277893036603927,0.1267653703689575,0.1291931569576263,0.1277893036603927,0.1639693081378936,0.1617515385150909,0.2199695855379105,0.2033896744251251,0.3527471423149109,0.3707243502140044,0.3014655709266662,0.3159835636615752,0.2796568274497986,0.2966424822807312,0.2656002640724182,0.2774233222007751,0.270331472158432,0.2821568846702576,0.491291046142578,0.4884024560451508,0.6805359721183777,0.6897238492965697,0.8527687788009644,0.8603770136833192,0.8781887888908385,-0.1878509521484375,-0.2793216407299042,-0.4076755940914153,-0.2793480455875397,0.0030061146244406,-0.4076755940914153,-0.1288634985685348,-0.2480948716402053,0.2826047241687774,-0.5288046598434448,0.1794625967741012,-0.3653796017169952,-0.3162251710891724,0.1669880300760269,-0.388660728931427,0.1914537698030472,-0.3698320984840393,0.1615442037582397,-0.331132024526596,0.1756052076816558,0.2293300181627273,-0.2290029674768448,0.4420319497585296,-0.0472093597054481,0.7005174160003662,0.1787836104631424,0.7163010239601135,0.1980728209018707,0.5888866782188416,-0.0041056149639189,5,1
0.6996459364891052,0.6904085874557495,0.6897358894348145,0.6650752425193787,0.6539611220359801,0.6191851496696472,0.7145159244537354,0.7023460865020752,0.7366476058959962,0.7139814496040344,0.7154760360717772,0.5090636610984801,0.4412692189216614,0.5461298227310181,0.4026401937007904,0.1457341611385345,0.1257607638835906,0.1252537667751312,0.124760702252388,0.1253659278154373,0.1257212311029434,0.1237608566880226,0.1269240379333496,0.1257212311029434,0.162013754248619,0.1599094867706298,0.2201330363750457,0.2032276839017868,0.3537602424621582,0.3708587288856506,0.3038024306297302,0.3054344952106476,0.2794035077095032,0.2834342122077941,0.2611115574836731,0.268441766500473,0.2659161388874053,0.2726450860500336,0.4935169816017151,0.4890041351318359,0.6812545061111449,0.6900604367256165,0.8513832092285155,0.8595221638679504,0.8757141828536987,-0.1866966634988784,-0.2806946337223053,-0.4006858766078949,-0.2807897925376892,0.0163007862865924,-0.4006858766078949,-0.1248085349798202,-0.2467009425163268,0.2895452678203583,-0.5255657434463501,0.1502367258071899,-0.3452499508857727,-0.4466974139213561,0.2231809347867965,-0.535441517829895,0.251980572938919,-0.5022574663162231,0.2188618928194046,-0.4591398537158966,0.2331612706184387,0.2294497638940811,-0.2292090058326721,0.4634286165237426,-0.0218583811074495,0.7533106207847595,0.2308535277843475,0.7734748721122741,0.2535251677036285,0.6336961388587952,0.0419165268540382,5,1
0.6832258701324463,0.6738711595535278,0.6729822158813477,0.6492753028869629,0.6375210881233215,0.6042384505271912,0.7130224704742432,0.6813129186630249,0.7335954308509826,0.7096349596977234,0.694231390953064,0.52051842212677,0.4356088042259216,0.5510635375976562,0.3994953036308288,0.1416080296039581,0.1216265559196472,0.1210086122155189,0.120425596833229,0.1213571578264236,0.1228170990943908,0.1197915077209472,0.1234836131334304,0.1228170990943908,0.1584077179431915,0.1565725803375244,0.2206566780805588,0.2019896507263183,0.3544738888740539,0.3693044781684875,0.2965478301048279,0.2947663366794586,0.2697550654411316,0.2720541357994079,0.2517316043376922,0.253688246011734,0.2568129301071167,0.2585822641849518,0.4942025542259216,0.4889983236789703,0.681464433670044,0.6900359988212585,0.8506526947021484,0.8597913980484008,0.873872399330139,-0.224561795592308,-0.3167380392551422,-0.4144382178783417,-0.3168822526931762,-0.003297618124634,-0.4144382178783417,-0.1588381826877594,-0.2784554064273834,0.2861530184745788,-0.5318189859390259,0.0448695495724678,-0.3774392008781432,-0.6558585166931152,0.1478252708911895,-0.7640098333358765,0.1697720885276794,-0.7171865105628967,0.1396943926811218,-0.6659891605377197,0.1585975587368011,0.2294080257415771,-0.2291003763675689,0.5256666541099548,-0.0409901104867458,0.8869082927703857,0.1837601512670516,0.9137983322143554,0.201186716556549,0.7574450969696046,0.0097544649615883,5,1
0.6667476892471313,0.6593807935714722,0.6585112810134888,0.6360069513320923,0.6247408390045166,0.589923620223999,0.7145256996154785,0.6590006351470947,0.7273606061935424,0.7044073939323425,0.6620916128158569,0.5282511711120604,0.4331460297107696,0.5549626350402832,0.3904259502887726,0.1398577839136123,0.1203533038496971,0.119752325117588,0.119188904762268,0.120165467262268,0.1219860464334488,0.1187460049986839,0.1224022358655929,0.1219860464334488,0.1564358174800872,0.154616966843605,0.2218409031629562,0.201994851231575,0.353674590587616,0.3687172532081604,0.2772299945354461,0.2885818481445312,0.248091384768486,0.259309858083725,0.2336358726024628,0.244226187467575,0.2428984194993972,0.2511377334594726,0.4948343336582184,0.489682525396347,0.6813647150993347,0.6900380849838257,0.8502607345581055,0.8606531023979187,0.8728782534599304,-0.2571013271808624,-0.345220386981964,-0.4220207929611206,-0.3453127145767212,-0.025905929505825,-0.4220207929611206,-0.1901446282863616,-0.3049077093601227,0.2500834167003631,-0.529377281665802,-0.011558043770492,-0.387727528810501,-0.7068758010864258,0.0685676708817482,-0.8223157525062562,0.0819035246968269,-0.7650487422943115,0.047955710440874,-0.7117914557456969,0.0751902014017105,0.2226685583591461,-0.2226841747760772,0.5523104667663574,-0.0495846420526504,0.9407418370246888,0.1789669692516327,0.971049666404724,0.1898258179426192,0.8118348121643065,-0.0866690427064895,5,1
0.6272354125976562,0.6210826635360718,0.6205944418907166,0.5930140018463135,0.5866962671279907,0.5472404956817627,0.708583652973175,0.6310172080993652,0.6948612928390503,0.6728201508522034,0.6365175247192383,0.5257316827774048,0.4189999103546143,0.5531603693962097,0.3754828274250031,0.1376860439777374,0.1187588423490524,0.1181432455778122,0.1175676435232162,0.1185040473937988,0.1203881651163101,0.1168759018182754,0.1207461133599281,0.1203881651163101,0.1540796905755996,0.1525889784097671,0.2233737707138061,0.2027451992034912,0.3447190523147583,0.3699830174446105,0.2672364115715027,0.2927512228488922,0.2407181710004806,0.2685042917728424,0.2298060208559036,0.253228485584259,0.2369317561388016,0.2589919567108154,0.4986985623836517,0.4962055087089538,0.6813777685165405,0.6936715841293335,0.848025918006897,0.868584930896759,0.8694854974746704,-0.2526029348373412,-0.3351478576660156,-0.3895874917507172,-0.3353499174118041,-0.008107179775834,-0.3895874917507172,-0.1863568425178528,-0.2935228645801544,0.2606947422027588,-0.4829730689525604,-0.0507575683295726,-0.401250034570694,-0.7860863804817199,0.0132443914189934,-0.9120513200759888,0.0230746790766716,-0.8425986170768738,-0.0082365563139319,-0.7861456274986267,0.0211896412074565,0.2195124477148056,-0.2196355015039444,0.5223559737205504,-0.1334479004144668,0.8997613787651062,-0.0375535637140274,0.9280685186386108,-0.0381191037595272,0.7627005577087401,-0.3418939113616943,5,1
0.6088077425956726,0.603128969669342,0.6023154854774475,0.5763460397720337,0.568490743637085,0.5282304286956787,0.7023778557777405,0.6088539958000183,0.6977416872978209,0.6753889322280884,0.6181432604789734,0.5242162942886353,0.4056880176067352,0.551742434501648,0.3669966757297516,0.1380737721920013,0.1192702054977416,0.1186453253030776,0.1180614456534385,0.1190408244729042,0.1201956868171691,0.117241621017456,0.1209878772497177,0.1201956868171691,0.1542112380266189,0.1527723968029022,0.228211835026741,0.2033830434083938,0.346244752407074,0.3701284825801849,0.278174102306366,0.295698344707489,0.252494603395462,0.2722829282283783,0.238837331533432,0.2547036111354828,0.2447638064622879,0.2608706355094909,0.5007247924804688,0.499098002910614,0.6816498041152954,0.6956177353858948,0.8476832509040833,0.8687165975570679,0.8693437576293945,-0.2421657741069793,-0.3276500105857848,-0.388854056596756,-0.3278645277023315,-0.0014767631655558,-0.388854056596756,-0.1756305545568466,-0.2870923280715942,0.2676735818386077,-0.4711178243160248,-0.023507060483098,-0.4112072288990021,-0.7541313767433167,-0.0192164164036512,-0.8790778517723083,-0.0135040758177638,-0.8211628198623657,-0.0382696501910686,-0.7588055133819581,-0.0097606694325804,0.217965617775917,-0.2181523144245148,0.5080986618995667,-0.1275769025087356,0.8856407403945923,0.0127818463370203,0.9141365885734558,0.0182736255228519,0.7433334589004515,-0.271748423576355,5,1
0.5967698097229004,0.5890506505966187,0.5877379179000854,0.5648784041404724,0.5525985956192017,0.5155729651451111,0.6987356543540955,0.5997710227966309,0.7013667821884155,0.677859365940094,0.6133683323860168,0.5213717818260193,0.3879712522029876,0.5507643222808838,0.3597151339054108,0.1375591456890106,0.1192644983530044,0.1186812967061996,0.1181531697511672,0.1190460100769996,0.1199541464447975,0.1172328442335128,0.1210473328828811,0.1199541464447975,0.1537971198558807,0.1522490978240966,0.2314646542072296,0.2043481320142745,0.35099858045578,0.371044635772705,0.2830046117305756,0.3010382056236267,0.2574045956134796,0.2777066230773926,0.2426495999097824,0.258619487285614,0.2484067678451538,0.2650307118892669,0.5024308562278748,0.501180112361908,0.6831955909729004,0.6981443166732788,0.8476899862289428,0.8723386526107789,0.8695786595344542,-0.2476954609155655,-0.3349164426326752,-0.3916674852371216,-0.3350499272346496,0.0014668951043859,-0.3916674852371216,-0.180282637476921,-0.294816255569458,0.2589375674724579,-0.4726957678794861,-0.0099765816703438,-0.4228003621101379,-0.724263846874237,-0.0679027214646339,-0.8488729596138,-0.050476960837841,-0.8007741570472717,-0.0831522271037101,-0.7324086427688599,-0.0581107810139656,0.2099210768938064,-0.2101018279790878,0.5202468633651732,-0.1516698151826858,0.9276859760284426,-0.0482275448739528,0.9582062363624572,-0.0486010499298572,0.7765711545944214,-0.3573518097400665,5,1
0.584497332572937,0.5745322108268738,0.5731379389762878,0.5522875189781189,0.5370015501976013,0.5005272626876831,0.6985791325569153,0.5957804322242737,0.7057349681854248,0.6821019053459167,0.6149504780769348,0.520948588848114,0.3758474588394165,0.545657455921173,0.3527219891548157,0.1373854726552963,0.1193019151687622,0.118764653801918,0.1182848960161209,0.1190673261880874,0.119607426226139,0.1171670332551002,0.1211534366011619,0.119607426226139,0.1537149846553802,0.1520608514547348,0.2332347631454468,0.2071264535188675,0.3590244650840759,0.3719761967658996,0.2885273993015289,0.3045501708984375,0.2638782262802124,0.2838047444820404,0.2480405569076538,0.2643783390522003,0.254203051328659,0.2703637778759002,0.5025140047073364,0.5016283392906189,0.6840502023696899,0.6978637576103209,0.8491601943969727,0.8719881176948547,0.8722020983695984,-0.2360549569129944,-0.3246645331382751,-0.389361023902893,-0.3247459530830384,0.0032165381126105,-0.389361023902893,-0.1708645969629287,-0.2873392105102539,0.2637783586978912,-0.467462569475174,0.0354371853172779,-0.4263790547847748,-0.6444814205169678,-0.108732096850872,-0.7656376957893372,-0.0983560681343078,-0.7287362813949586,-0.1228085532784462,-0.6560316681861876,-0.0973541438579559,0.2088336497545242,-0.2089787870645523,0.5074639916419983,-0.1457210928201675,0.8808693885803223,-0.0132991671562194,0.908310294151306,-0.0098865991458296,0.7346286177635194,-0.3048822581768036,5,1
0.5717455744743347,0.558933436870575,0.5569905042648315,0.5389553308486937,0.5187851786613464,0.4851745963096618,0.7027140855789185,0.5909363031387329,0.7216973304748534,0.6955031752586365,0.6124009490013123,0.5153903365135193,0.3576520383358001,0.5365305542945862,0.345854252576828,0.1359515786170959,0.1180001348257064,0.117511510848999,0.1170654147863388,0.1178455576300621,0.1190379112958908,0.1161804050207138,0.1204992085695266,0.1190379112958908,0.1527073085308074,0.1511117964982986,0.2331912070512772,0.2097034156322479,0.3589981496334076,0.3737013936042785,0.2927728295326233,0.311055451631546,0.2699365615844726,0.2895017266273498,0.2519645988941192,0.2673656344413757,0.2584788799285888,0.2740126848220824,0.500162661075592,0.5014253258705139,0.6802991628646851,0.6978275775909424,0.8473556637763977,0.8708993792533873,0.8705790638923645,-0.2277157455682754,-0.3232172727584839,-0.3947611451148986,-0.3232647776603699,0.0071707568131387,-0.3947611451148986,-0.1603876948356628,-0.287009447813034,0.2654509842395782,-0.4610571563243865,0.0663759782910347,-0.4239577054977417,-0.586431622505188,-0.1297783702611923,-0.7030443549156189,-0.126707375049591,-0.6809870600700377,-0.1451795250177383,-0.6035370826721193,-0.1175175756216049,0.1855342388153076,-0.1853895038366317,0.3947751224040984,-0.1389109492301941,0.7441067099571229,0.0042457906529307,0.7674609422683715,0.0091747026890516,0.5598293542861937,-0.2698974311351776,5,1
0.5424851179122925,0.5321987867355347,0.5300469994544983,0.5111504197120667,0.4879079163074493,0.4581917524337768,0.6846256256103516,0.5638758540153505,0.7210673689842224,0.6927125453948976,0.5879862904548645,0.4741118848323822,0.3179526031017303,0.5197021961212158,0.3195408582687377,0.1365315467119217,0.1184645444154739,0.1179552897810936,0.1174867898225784,0.1182856187224388,0.1192864775657653,0.1165734902024269,0.1205951422452926,0.1192864775657653,0.1531317830085754,0.1515334248542785,0.2307477295398712,0.2159989178180694,0.3495985865592956,0.3773296475410461,0.2936426997184753,0.327797532081604,0.2730048298835754,0.315755158662796,0.2587596476078033,0.2925252914428711,0.2639437317848205,0.2946385741233825,0.4999419152736664,0.5011206269264221,0.6797665357589722,0.6988438963890076,0.8477072715759277,0.8765937089920045,0.8716496229171754,-0.225549042224884,-0.3182839453220367,-0.4064342975616455,-0.3183320462703705,0.0027620999608188,-0.4064342975616455,-0.1618503481149673,-0.2842726111412048,0.2422671020030975,-0.4640691876411437,0.0776591598987579,-0.4296218752861023,-0.5392669439315796,-0.1775680035352707,-0.6458711624145508,-0.184106558561325,-0.637340784072876,-0.2000724375247955,-0.5583287477493286,-0.1664185971021652,0.1791664063930511,-0.1789837479591369,0.4085033535957336,-0.1378780752420425,0.7409967184066771,0.0157412495464086,0.7622124552726746,0.0214862916618585,0.5754894018173218,-0.26296067237854,5,1
0.5306954979896545,0.5177518725395203,0.5156015753746033,0.4975155293941498,0.4733103513717651,0.4445915222167969,0.668717622756958,0.5496695637702942,0.7117920517921448,0.6803956627845764,0.5777496695518494,0.4475967288017273,0.2948958575725555,0.509661853313446,0.3006086349487304,0.1367764621973037,0.1184441596269607,0.1179417595267295,0.1174690574407577,0.1183254718780517,0.1194743141531944,0.1166610494256019,0.1206922531127929,0.1194743141531944,0.1534739136695861,0.1518510431051254,0.2307058870792389,0.2182021588087081,0.349418431520462,0.3808477818965912,0.2955453097820281,0.3348708748817444,0.2744846642017364,0.3226822316646576,0.2602138519287109,0.298511803150177,0.2651327848434448,0.3006244003772735,0.5004046559333801,0.5030273795127869,0.6798328161239624,0.7012144923210144,0.8492849469184875,0.8773234486579894,0.8747722506523132,-0.2407058775424956,-0.3333359956741333,-0.4296548068523407,-0.3333824276924133,-0.0122818499803543,-0.4296548068523407,-0.1773622035980224,-0.2992288470268249,0.237847238779068,-0.4978107810020447,0.0761766359210014,-0.4656976163387298,-0.5592398643493652,-0.2109309881925583,-0.672038972377777,-0.2231113165616988,-0.6727797389030457,-0.235544666647911,-0.5853288173675537,-0.1982597410678863,0.1833287626504898,-0.1831748485565185,0.415263146162033,-0.1086959615349769,0.7420931458473204,0.0825633183121681,0.7633010149002075,0.0935200080275535,0.5946383476257324,-0.1956915259361267,5,1
0.5176088809967041,0.5042102932929993,0.5020595788955688,0.4825495481491089,0.4603091776371001,0.4304979145526885,0.6564112305641174,0.5337640047073364,0.6898806095123291,0.6670995950698853,0.5627142786979675,0.43204265832901,0.283227413892746,0.5098595023155212,0.2939599454402923,0.1369204819202423,0.1181844919919967,0.1177054047584533,0.117240272462368,0.1180998086929321,0.1194506883621215,0.1163867339491844,0.1207390576601028,0.1194506883621215,0.1537039279937744,0.1520643234252929,0.2323666512966156,0.2191712409257888,0.3531620800495148,0.3824180960655213,0.2972639203071594,0.3350313305854797,0.2757332324981689,0.3196629285812377,0.2615167498588562,0.2974204123020172,0.2674380540847778,0.3002374470233916,0.5009753108024597,0.50566166639328,0.6812395453453064,0.702285885810852,0.8529284596443176,0.8816376924514769,0.8815041780471802,-0.3310984075069427,-0.4247312843799591,-0.497603565454483,-0.4248077869415283,-0.074175089597702,-0.497603565454483,-0.2599189281463623,-0.3827086091041565,0.2067752629518509,-0.5613821744918823,0.0300408154726028,-0.528259813785553,-0.6388204693794249,-0.2594558596611023,-0.7564035058021545,-0.2724260687828064,-0.7545322775840758,-0.2854617536067962,-0.6662538647651672,-0.2471008449792861,0.1859659403562545,-0.185826301574707,0.4195800721645355,-0.1077017560601234,0.7570940852165222,0.1061006784439086,0.7794786095619202,0.1173009946942329,0.5904484987258911,-0.188234120607376,5,1
0.5055986642837524,0.4928322732448577,0.4904276132583617,0.4713308215141296,0.4483982622623444,0.4202671051025391,0.6331773996353148,0.5209739804267883,0.6641956567764281,0.638713777065277,0.5436774492263794,0.4228241443634032,0.2751288712024688,0.5043509006500244,0.2887192368507384,0.1370953768491744,0.1180864349007606,0.1176164299249649,0.1171613112092018,0.1180159002542495,0.1194796785712242,0.1163042187690734,0.1207830309867858,0.1194796785712242,0.1538261026144027,0.1521601378917694,0.2329277992248535,0.2188853919506072,0.3597366213798523,0.3838818669319153,0.2982188761234283,0.3348212838172912,0.2755422592163085,0.3094975352287292,0.2618148326873779,0.2900148034095764,0.2678562998771667,0.2951507568359375,0.5009599924087524,0.5051100254058838,0.683674156665802,0.703199028968811,0.8584160804748534,0.8845397233963012,0.8862306475639342,-0.3180284798145294,-0.4128426015377044,-0.4939379096031189,-0.412963569164276,-0.0658847466111183,-0.4939379096031189,-0.248088926076889,-0.3722788095474243,0.2146910279989242,-0.5625548362731934,0.009494699537754,-0.5177211761474608,-0.6944121718406677,-0.2170769870281219,-0.8115336298942566,-0.2244748622179031,-0.7987647056579591,-0.2370534092187881,-0.7177352905273438,-0.2038101404905319,0.1869545429944992,-0.1868802011013031,0.3914224803447723,-0.1189268305897712,0.7249683141708374,0.0962192416191101,0.7441157102584839,0.1063845604658126,0.521243155002594,-0.1973858922719955,5,1
0.5006908178329468,0.4863840341567992,0.484079897403717,0.4640692770481109,0.4411194324493408,0.4131856560707092,0.6024044752120972,0.4957957863807678,0.610599160194397,0.5866310000419617,0.519599676132202,0.413523405790329,0.26818186044693,0.4972743988037109,0.2815189659595489,0.1340415775775909,0.1149031519889831,0.1145060658454895,0.1141650900244712,0.1149750351905822,0.1175650730729103,0.1135366782546043,0.1192875728011131,0.1175650730729103,0.1518710404634475,0.1504932641983032,0.233385756611824,0.2183570563793182,0.3637431859970093,0.3835162222385406,0.2904123663902282,0.3322188854217529,0.2637352347373962,0.3006893992424011,0.2515174746513366,0.2852476239204407,0.2583011090755462,0.291742593050003,0.5011908411979675,0.5056729912757874,0.684512734413147,0.7040852904319763,0.8580046892166138,0.888043224811554,0.8860477209091185,-0.3827574551105499,-0.4800466299057007,-0.558641254901886,-0.4801476001739501,-0.1200517788529396,-0.558641254901886,-0.3070806264877319,-0.4345600903034209,0.1713524311780929,-0.6182602047920227,-0.0820854902267456,-0.554585874080658,-0.8470749855041504,-0.2236586958169936,-0.9745327234268188,-0.2294229716062545,-0.9376598596572878,-0.2491365373134612,-0.8611675500869752,-0.2118375599384308,0.1930114179849625,-0.1931781768798828,0.4626169502735137,-0.1185420751571655,0.8676286339759826,0.0944019854068756,0.8954260349273682,0.1038506403565406,0.6790823936462401,-0.2067729383707046,5,1
0.4893805086612701,0.4755953848361969,0.4733103513717651,0.4528675079345703,0.4325625002384186,0.4032521545886993,0.5788204073905945,0.4748460054397583,0.5747016668319702,0.5570418238639832,0.4922383725643157,0.4040916860103607,0.2599408030509949,0.4860677421092987,0.2777760028839111,0.1286317110061645,0.1090920940041542,0.1087339967489242,0.1084829792380332,0.1087797507643699,0.1123925819993019,0.1070821285247802,0.1148547902703285,0.1123925819993019,0.1462791264057159,0.1451626867055892,0.233485460281372,0.216117113828659,0.3703366518020629,0.3829114437103272,0.282973974943161,0.3220565319061279,0.2562069296836853,0.2883110344409942,0.2443865090608596,0.2749935984611511,0.2518186867237091,0.2830806970596313,0.5012912750244141,0.5055631995201111,0.6934031248092651,0.7060636281967163,0.8645200729370117,0.8913912773132323,0.8917926549911499,-0.3612204194068908,-0.4393770992755889,-0.5165504217147827,-0.4392725229263305,-0.0730158239603042,-0.5165504217147827,-0.2969229221343994,-0.4051936566829681,0.2260683625936508,-0.5890035629272461,-0.0305305514484643,-0.5029599666595458,-0.7844705581665038,-0.0828166678547859,-0.9093774557113647,-0.0744667798280715,-0.8593723773956298,-0.0969703570008277,-0.7932265400886535,-0.0695232897996902,0.1961964517831802,-0.1964730769395828,0.4527429044246673,-0.1168905645608902,0.8437421321868896,0.1257872283458709,0.8701115250587462,0.1384426057338714,0.6636704802513123,-0.1930073201656341,5,1
0.4827910661697388,0.4695129096508025,0.4674574136734009,0.4462537467479706,0.4279128909111023,0.3969053924083709,0.5705136656761169,0.4613860249519348,0.5726425647735596,0.5527662634849548,0.477525919675827,0.3990891873836517,0.2544178962707519,0.4733176231384277,0.27675262093544,0.1273971050977707,0.1077025160193443,0.1073456034064292,0.1071038842201232,0.1074772849678993,0.1112699955701828,0.1058793440461158,0.11356071382761,0.1112699955701828,0.1449600160121917,0.1440745890140533,0.2334361970424652,0.2129921466112136,0.3767651319503784,0.3824931383132935,0.2847385704517364,0.3159741759300232,0.2580262720584869,0.283927857875824,0.2456780970096588,0.2698131203651428,0.252296507358551,0.2777828276157379,0.5011135935783385,0.5048930644989014,0.6935123205184937,0.7057339549064636,0.862334132194519,0.8897116780281066,0.8830682635307312,-0.3273602724075317,-0.416072815656662,-0.4954400062561035,-0.4161696434020996,-0.0624673850834369,-0.4954400062561035,-0.2595285773277282,-0.3769778907299042,0.2231821715831756,-0.5820653438568115,-0.0553119666874408,-0.4763260781764984,-0.8178090453147888,-0.0922538340091705,-0.9409441351890564,-0.0840495377779006,-0.890563130378723,-0.1059495061635971,-0.8259479999542236,-0.0798285454511642,0.1955451965332031,-0.1957760751247406,0.4476686716079712,-0.1020780578255653,0.8318330645561217,0.1466619074344635,0.8569147586822509,0.1612499952316284,0.6604105830192566,-0.1622790694236755,5,1
0.478586733341217,0.4653425514698028,0.4632112681865692,0.4420308470726012,0.4225706458091736,0.3925371468067168,0.5638484358787537,0.4558587074279784,0.562965452671051,0.5436250567436217,0.4722110033035278,0.3980635702610016,0.2524780929088592,0.4590533375740051,0.2737393975257873,0.1277156174182891,0.1079206094145774,0.1075196489691734,0.107228085398674,0.1077952533960342,0.1112201586365699,0.1062181964516639,0.1133718863129615,0.1112201586365699,0.145112544298172,0.1443047225475311,0.2333998382091522,0.2116183489561081,0.3757431209087372,0.3822198510169983,0.2848756909370422,0.3142172694206238,0.2583131194114685,0.2841914296150207,0.2452420890331268,0.2687367796897888,0.2517228722572326,0.2762071788311004,0.5004060864448547,0.5043273568153381,0.6953280568122864,0.7056856155395508,0.8615810275077821,0.8889542818069458,0.8823930621147155,-0.3103358447551727,-0.406478613615036,-0.4929457902908324,-0.4067360460758208,-0.0431993901729583,-0.4929457902908324,-0.2355910241603851,-0.3626208007335663,0.2323357760906219,-0.5544176101684569,-0.0384800992906093,-0.4465020596981048,-0.791817307472229,-0.0572251379489898,-0.9145254492759703,-0.0457550734281539,-0.860821783542633,-0.07014911621809,-0.7979145646095277,-0.0453392341732978,0.1939503997564316,-0.1941803395748138,0.4527964591979981,-0.0985943675041198,0.8604946732521057,0.1463857591152191,0.8902750015258789,0.1598841995000839,0.6794471144676208,-0.1656289845705032,5,1
0.4742095172405242,0.4619803130626678,0.4600459337234497,0.4377832114696503,0.4182426929473877,0.3876668214797973,0.5593218207359314,0.4532902240753174,0.5688043236732483,0.5420448184013367,0.4720066189765929,0.3960098624229431,0.2514429986476898,0.4462020397186279,0.2740790545940399,0.1282134354114532,0.1085365638136863,0.108116053044796,0.1077911853790283,0.1084128469228744,0.1115048676729202,0.1068199872970581,0.1135740876197814,0.1115048676729202,0.1455371677875518,0.1445607841014862,0.2334280014038085,0.2115425318479537,0.3748399913311004,0.3820460438728333,0.2862334847450256,0.3143697082996368,0.2604742646217346,0.2861636281013489,0.2466826736927032,0.2693100571632384,0.2526860237121582,0.2760537266731262,0.500392496585846,0.5041915774345398,0.6950169801712036,0.7055693864822388,0.8616561889648436,0.8894771337509155,0.8825484514236449,-0.3024531602859497,-0.3981336355209351,-0.4845550656318664,-0.398337185382843,-0.0425739586353302,-0.4845550656318664,-0.2299053966999053,-0.355675458908081,0.2325495183467864,-0.550994336605072,-0.0391481555998325,-0.4508151710033417,-0.8086875081062317,-0.0797328352928161,-0.935734450817108,-0.0718237683176994,-0.8851733803749084,-0.0952788889408111,-0.8165903687477111,-0.067945048213005,0.1940487921237945,-0.1943182200193405,0.4673259258270264,-0.0981802195310592,0.8830730915069581,0.1367086321115493,0.913659691810608,0.1491282731294632,0.7055067420005798,-0.1710423678159713,5,1
0.4715816080570221,0.4591962695121764,0.4572865068912505,0.435981422662735,0.4156511127948761,0.3860657513141632,0.5659517645835876,0.44671431183815,0.579241156578064,0.5511500239372252,0.4654929339885712,0.391778826713562,0.2484643161296844,0.4378564953804016,0.2745750546455384,0.1286258399486541,0.108959674835205,0.1085195913910865,0.1081668585538864,0.1088407039642334,0.1117701381444931,0.1072074323892593,0.1137499958276748,0.1117701381444931,0.1458767354488372,0.1447872966527938,0.2334080636501312,0.2110029011964797,0.3753724694252014,0.3819876313209533,0.2870399355888366,0.3125945329666137,0.2615447044372558,0.2863393127918243,0.2471621930599213,0.2678080201148987,0.2530257403850555,0.273463100194931,0.4995599389076233,0.5035771727561951,0.6946390271186829,0.705473005771637,0.8586691021919249,0.8889912366867065,0.8789182901382446,-0.2997138202190399,-0.3952392041683197,-0.4840014278888702,-0.3954745829105376,-0.0406270511448383,-0.4840014278888702,-0.2277843505144119,-0.3529840409755707,0.2324721217155456,-0.5278617739677429,-0.0287055727094411,-0.4524898827075958,-0.7698271870613098,-0.1120691373944282,-0.8943320512771606,-0.103650264441967,-0.8528093695640565,-0.1296066790819168,-0.7805624008178712,-0.1020877957344055,0.1929456889629364,-0.1931318640708923,0.4896863400936127,-0.1156592071056366,0.9220427870750428,0.059535726904869,0.9539791345596312,0.0647918581962585,0.7546748518943786,-0.2591432631015777,5,1
0.4685618877410888,0.4558478593826293,0.4538516998291016,0.4332254528999328,0.411990612745285,0.3826638460159302,0.5599645972251892,0.4377953112125397,0.5680214762687683,0.5436040163040161,0.4517339169979096,0.3887553215026856,0.2465933114290237,0.4293642640113831,0.2733004987239837,0.1289208680391311,0.1090824231505394,0.1086126714944839,0.1082301586866378,0.1090665906667709,0.1117898449301719,0.1074748635292053,0.1137944310903549,0.1117898449301719,0.1461094319820404,0.1450090557336807,0.2336646765470504,0.2109852731227874,0.375918447971344,0.3827441632747649,0.2869584262371063,0.3095270991325378,0.2609180808067322,0.2828367054462433,0.2464894354343414,0.2645822167396545,0.2524541616439819,0.2701333165168762,0.5011721849441528,0.5041335821151732,0.6966937780380249,0.7063745260238647,0.8596943020820618,0.8915303349494934,0.8799131512641906,-0.2987126111984253,-0.3922078907489776,-0.4805791079998016,-0.3924238979816437,-0.0316018536686897,-0.4805791079998016,-0.2260714471340179,-0.3508340716361999,0.2429197132587433,-0.5279369950294496,-0.0263432376086711,-0.4529203176498412,-0.7850195765495299,-0.1077773198485374,-0.9117757081985473,-0.0994179621338844,-0.8653632402420045,-0.1254733949899673,-0.7942597866058348,-0.0975519716739654,0.1968433856964111,-0.1970368921756744,0.4879562854766845,-0.1292498409748077,0.9106566309928894,0.0590298511087894,0.9410614967346193,0.0657704174518585,0.7352250218391417,-0.2616859078407287,5,1
0.4658501446247101,0.4525714814662933,0.4507079124450684,0.4291994273662567,0.4099621772766113,0.3796899020671845,0.5504327416419983,0.4355542361736297,0.5521096587181091,0.5335364937782288,0.4449526965618133,0.3898453116416931,0.2462745904922485,0.4253290295600891,0.2733798623085021,0.1286456286907196,0.1082866415381431,0.1078246086835861,0.1074550524353981,0.1084379702806472,0.111538365483284,0.1070296317338943,0.1133981719613075,0.111538365483284,0.1462027877569198,0.1452026963233947,0.232910469174385,0.2115437686443328,0.3753857910633087,0.3839471936225891,0.2864896655082702,0.3078927397727966,0.2598240971565246,0.279129296541214,0.2466522008180618,0.2621075212955475,0.2524610161781311,0.2683450579643249,0.5021739602088928,0.5047714710235596,0.6972124576568604,0.7065764665603638,0.8620637655258178,0.8914501070976257,0.8825719952583314,-0.333616554737091,-0.4296541810035705,-0.5008434653282166,-0.4298530220985412,-0.0633959472179412,-0.5008434653282166,-0.2570269107818603,-0.3823153078556061,0.2260264009237289,-0.5517784357070923,-0.0716601833701133,-0.4534819722175598,-0.871070623397827,-0.0986534133553504,-0.9971184730529784,-0.0906835868954658,-0.9431034326553344,-0.1198749616742134,-0.8785247802734374,-0.0897161066532135,0.1982019841670989,-0.1984744220972061,0.4844868481159209,-0.1110690012574195,0.9038088321685792,0.1414840668439865,0.933815062046051,0.1546316146850586,0.7222009301185608,-0.1755107194185256,5,1
0.4657346010208129,0.4520767629146576,0.4501140713691712,0.4295226633548736,0.4090316295623779,0.3804712891578674,0.5426222681999208,0.4324437081813812,0.544965386390686,0.5290487408638,0.4390659332275391,0.3913642168045044,0.2482661604881286,0.4194250702857971,0.2736260592937469,0.1272134035825729,0.1065017953515052,0.1060646325349807,0.1056998744606971,0.1067101135849952,0.1103388667106628,0.1054436713457107,0.1122437864542007,0.1103388667106628,0.1451632976531982,0.1443109363317489,0.2327891886234283,0.211550161242485,0.3750020861625671,0.384131371974945,0.2856815755367279,0.3049699962139129,0.2589184939861297,0.2743763625621796,0.246680349111557,0.2581469714641571,0.2523495256900787,0.2650074362754822,0.5025860667228699,0.5048843622207642,0.6971088647842407,0.7064964771270752,0.8649722337722777,0.8916061520576477,0.8861923217773436,-0.3256430327892303,-0.4213390648365021,-0.4951097667217255,-0.4214862883090973,-0.0599754527211189,-0.4951097667217255,-0.2519415020942688,-0.3776535093784332,0.2291030436754226,-0.5484446287155151,-0.0618846267461776,-0.445136547088623,-0.8491925597190858,-0.0723081156611442,-0.9734848737716676,-0.0622988790273666,-0.9192864298820496,-0.0919651985168456,-0.8563149571418761,-0.0634962022304534,0.200137436389923,-0.2004529684782028,0.4810710847377776,-0.1098380833864212,0.8950571417808532,0.1384956836700439,0.9231144189834594,0.1509028375148773,0.6987184882164001,-0.1749337166547775,5,1
0.4655479490756988,0.45197394490242,0.4501428306102752,0.4291679859161377,0.4101240932941437,0.3804832100868224,0.5412849187850952,0.4313192665576935,0.5434595942497252,0.5272452831268312,0.4370803833007813,0.3928597271442413,0.2494377940893172,0.4141824841499328,0.2726933658123016,0.1245039477944374,0.1037579998373985,0.1032847613096237,0.1028465181589126,0.1039790287613868,0.1082260236144065,0.1028295904397964,0.10994603484869,0.1082260236144065,0.1428332030773162,0.1423168778419494,0.232062429189682,0.2115506827831268,0.3748814165592193,0.3847109675407409,0.284964770078659,0.3046172857284545,0.2583897411823272,0.2745984196662903,0.2464718520641327,0.2570311427116394,0.2520707249641418,0.264662355184555,0.5031241178512573,0.5050371885299683,0.6975856423377991,0.7064363360404968,0.8674985170364381,0.8913626670837401,0.889578640460968,-0.3266255557537079,-0.4215081632137298,-0.4899034202098846,-0.42168328166008,-0.0579248704016208,-0.4899034202098846,-0.252048522233963,-0.3757039308547973,0.2283244729042052,-0.5474932193756104,-0.0815333053469657,-0.4432202577590942,-0.8931944370269774,-0.0764835253357887,-1.0191872119903564,-0.0679902955889701,-0.9614855647087096,-0.0965367555618286,-0.8996134996414183,-0.0674992129206657,0.2003417164087295,-0.2006804347038268,0.4658907055854797,-0.0898726060986518,0.8590648174285888,0.1878712177276611,0.8847386837005614,0.2033669203519821,0.6547237038612366,-0.1208555623888969,5,1
0.4656442999839783,0.4522786438465118,0.4503868818283081,0.429629385471344,0.4098663628101349,0.3806209862232208,0.5419437289237976,0.4347945451736449,0.5461605787277222,0.5287285447120667,0.4438259601593017,0.3936168253421784,0.2507542967796325,0.4080074429512024,0.2726395428180694,0.1226821169257164,0.1019684821367263,0.1014938205480575,0.1010451316833496,0.1021478921175003,0.106436587870121,0.101003423333168,0.1083258017897605,0.106436587870121,0.1415152102708816,0.1409869343042373,0.2303759604692459,0.2106350213289261,0.3737833499908447,0.3846296072006225,0.2851688861846924,0.3052160143852233,0.2587162852287292,0.2759845852851868,0.2465625554323196,0.2583456039428711,0.2521891593933105,0.2656855285167694,0.5030965209007263,0.504783570766449,0.6979648470878601,0.7063707113265991,0.8678272366523743,0.8912485241889954,0.8905925750732422,-0.3147282302379608,-0.4080151319503784,-0.4654303789138793,-0.4081711173057556,-0.0430197268724441,-0.4654303789138793,-0.2409435659646988,-0.3620410561561584,0.2412815988063812,-0.5338278412818909,-0.0690474510192871,-0.4359698891639709,-0.8556217551231384,-0.0629527941346168,-0.9796873331069944,-0.0524990335106849,-0.9269417524337769,-0.080217607319355,-0.8633526563644409,-0.0531520843505859,0.2021023482084274,-0.202457845211029,0.4466228187084197,-0.0914751440286636,0.802550196647644,0.1681156009435653,0.8243805170059203,0.181698441505432,0.5989978313446045,-0.1381888538599014,5,1
0.4668168723583221,0.453612983226776,0.4514690935611725,0.4316869974136352,0.4091179668903351,0.3826821744441985,0.5470185875892639,0.4379863440990448,0.5504648685455321,0.5309246778488159,0.4494844675064087,0.3941582143306732,0.2519804835319519,0.4015423655509949,0.2724750638008117,0.1218636631965637,0.1009352654218673,0.1004462614655494,0.0999727398157119,0.1010157242417335,0.1049161404371261,0.0997167378664016,0.1070673242211341,0.1049161404371261,0.1409985274076461,0.1402991414070129,0.2299269884824752,0.2085002362728119,0.3728956878185272,0.3846083879470824,0.2823235392570496,0.3074017167091369,0.2555630803108215,0.2772004008293152,0.2423935830593108,0.2593435645103454,0.2481291741132736,0.2665365934371948,0.5023685693740845,0.5034481287002563,0.6982246041297913,0.706321120262146,0.8688780665397645,0.8913079500198364,0.8929048776626587,-0.2743987143039703,-0.3713133931159972,-0.4378010630607605,-0.3714088797569274,-0.001526286243461,-0.4378010630607605,-0.2033994495868683,-0.3295615017414093,0.2750795483589172,-0.514639675617218,-0.0287840347737073,-0.4255661368370056,-0.8209078311920166,-0.0450598075985908,-0.9464482665061952,-0.0334368720650672,-0.8847213983535767,-0.0605695508420467,-0.8245372176170349,-0.0345732159912586,0.2065263390541077,-0.2068836987018585,0.4298666715621948,-0.0909454524517059,0.7669740319252014,0.1659410744905471,0.7874034643173218,0.1793877482414245,0.5640035271644592,-0.1354552656412124,5,1
0.4680381417274475,0.4547643065452576,0.4525285363197327,0.4331462383270264,0.4085872173309326,0.3840761780738831,0.5707716345787048,0.4477502703666687,0.5877841711044312,0.5560604333877563,0.4742007851600647,0.3948268592357635,0.2521584928035736,0.393306016921997,0.2724069356918335,0.1219814792275428,0.1012049689888954,0.1007100939750671,0.1002394929528236,0.1013166159391403,0.1050216108560562,0.1000460982322692,0.1067915931344032,0.1050216108560562,0.1410184353590011,0.140311598777771,0.2279724329710006,0.2079463452100753,0.36699178814888,0.3839648365974425,0.2852804660797119,0.3252591490745544,0.2605436444282532,0.306362509727478,0.2451730519533157,0.2855401337146759,0.2505689263343811,0.2895122170448303,0.4987881779670715,0.5006568431854248,0.6981043815612793,0.7057075500488281,0.8695103526115417,0.8918086886405946,0.8953182101249696,-0.2230317294597625,-0.3217693865299225,-0.4124236702919006,-0.3218625783920288,0.0310425329953432,-0.4124236702919006,-0.1594544947147369,-0.2878948450088501,0.3012474775314331,-0.5034050345420836,0.0632712021470069,-0.4288916289806365,-0.6557649374008179,-0.1387549489736557,-0.7772982120513917,-0.1467202007770538,-0.7577726840972899,-0.1627068370580673,-0.6764370203018188,-0.1266342550516128,0.2093897312879562,-0.2095891535282135,0.4020935595035553,-0.1139026433229446,0.720548689365387,0.1010279357433319,0.737934172153473,0.1090525537729263,0.517791748046875,-0.2009011954069137,5,1
0.467928022146225,0.4548874795436859,0.4525321125984192,0.4334760904312134,0.4075358211994171,0.3842311501502991,0.5919382572174072,0.4761387705802917,0.6279128193855286,0.6019554734230042,0.5201975107192993,0.3953098654747008,0.252728134393692,0.3916255235671997,0.2727573812007904,0.1227710992097854,0.1020326018333435,0.1014339104294776,0.1008902043104171,0.1022572964429855,0.1054914146661758,0.1010576263070106,0.1068758219480514,0.1054914146661758,0.1416997164487838,0.1409629583358764,0.2240257561206817,0.2082010060548782,0.3548069298267364,0.383997619152069,0.3006561398506164,0.3419354856014252,0.2838793396949768,0.3343775570392608,0.2700233161449432,0.3117261230945587,0.2752078175544739,0.312812328338623,0.4978410601615906,0.5003240704536438,0.6980481147766113,0.7056319117546082,0.8713153004646301,0.8949705362319945,0.8996405601501466,-0.2268037647008896,-0.3275186121463776,-0.422558844089508,-0.3276827037334442,0.0239934846758842,-0.422558844089508,-0.1619351357221603,-0.2925093472003937,0.2975903451442718,-0.5263665914535521,0.0931390896439552,-0.4717120826244353,-0.6242717504501343,-0.1905638575553894,-0.7422244548797606,-0.2073459178209304,-0.7498779296875,-0.2201648503541946,-0.6571614146232605,-0.1770136654376983,0.2146845906972884,-0.2147763520479202,0.3896919190883637,-0.1134769544005394,0.6946488618850708,0.132823884487152,0.7090482711791992,0.1458490192890167,0.4853828847408295,-0.1568398475646972,5,1
0.4675356447696686,0.4547093808650969,0.4522849321365357,0.4326512515544891,0.4061223268508911,0.382737934589386,0.6111541986465454,0.4902888834476471,0.6610312461853027,0.6472017765045166,0.5485863089561462,0.3957618176937103,0.2534365653991699,0.3920511901378632,0.2728747129440308,0.1238307803869247,0.1029702872037887,0.1022512316703796,0.1015712022781372,0.1033865660429,0.106026254594326,0.1021730303764343,0.1069115027785301,0.106026254594326,0.1431931108236313,0.1426100134849548,0.2239727973937988,0.2088535130023956,0.3545245230197906,0.3838939666748047,0.3297516107559204,0.3617269098758697,0.3199078142642975,0.3578348755836487,0.3032870888710021,0.3360702991485596,0.3061943352222442,0.336271733045578,0.4976052343845368,0.5003044605255127,0.6972771883010864,0.7050746083259584,0.8709681630134583,0.8950141668319702,0.8994200825691222,-0.2832965552806854,-0.3804446458816528,-0.4800760447978973,-0.3806155025959015,-0.0425141118466854,-0.4800760447978973,-0.2169059514999389,-0.3433656990528106,0.2358390837907791,-0.5774261355400084,0.104904904961586,-0.5405849218368529,-0.5294262170791626,-0.3154870867729187,-0.636100172996521,-0.3474275469779968,-0.6788833141326904,-0.3591061830520629,-0.5737824440002441,-0.3051212430000304,0.2147196233272552,-0.2147657871246337,0.4046577811241149,-0.1096421554684638,0.7295541763305664,0.1735573858022689,0.7515684962272643,0.1893260776996612,0.5344952344894409,-0.1193524375557899,5,1
0.4658837318420409,0.4531252086162567,0.4506888389587402,0.4303902983665466,0.4037457704544067,0.3799483776092529,0.6094003319740297,0.5089554190635681,0.6566356420516968,0.6497105360031128,0.5638744235038757,0.3960884809494018,0.2539238333702087,0.3911107480525969,0.2725812792778015,0.1251914203166961,0.1046060919761657,0.1038214191794395,0.1030349880456924,0.1052226796746254,0.1071540713310241,0.1040355935692787,0.1073704734444618,0.1071540713310241,0.1445948332548141,0.1442148387432098,0.2241091430187225,0.209013745188713,0.3555555641651153,0.3822977244853973,0.3727013766765593,0.390397846698761,0.3768450617790222,0.4005369246006012,0.3586351275444031,0.3804981112480164,0.3576892912387848,0.3782470524311065,0.4972574710845947,0.5001363754272461,0.6965489983558655,0.704937219619751,0.8707948923110963,0.8962596654891967,0.9001407623291015,-0.3757572174072265,-0.468963623046875,-0.5650976300239562,-0.4691606760025024,-0.1386748403310775,-0.5650976300239562,-0.3108788430690765,-0.4337528645992279,0.151149034500122,-0.6734861731529236,0.2953342497348785,-0.6983672380447388,-0.0053123505786061,-0.6293566226959229,-0.0652290731668472,-0.7061789631843567,-0.16199491918087,-0.717866837978363,-0.0605365596711635,-0.6274449825286865,0.2200131714344025,-0.2199773788452148,0.4100207984447479,-0.1505191028118133,0.7466706037521361,0.1601208746433258,0.7650576233863831,0.1766468435525894,0.5315285325050354,-0.1559801548719406,5,1
0.4629201292991638,0.4504900276660919,0.4479371309280396,0.4283545911312103,0.4001420736312865,0.3775405883789063,0.6310434341430664,0.5160977840423584,0.6771182417869568,0.6742423176765442,0.577354371547699,0.3963399529457092,0.2546546757221221,0.388752281665802,0.2722097635269165,0.1265370845794677,0.1062775701284408,0.1054688915610313,0.1046284809708595,0.106897197663784,0.1080437749624252,0.1056635156273841,0.1077948808670044,0.1080437749624252,0.1456576138734817,0.1450856626033782,0.2203871756792068,0.209199383854866,0.3448920845985412,0.3803467154502868,0.3849469721317291,0.4220137000083923,0.3983727097511292,0.4420810639858246,0.3912084400653839,0.4325218200683594,0.3880066275596618,0.4240099787712096,0.4919559955596924,0.4959935247898102,0.6937094926834105,0.7034332156181335,0.8696891665458678,0.8960472345352173,0.8997805714607239,-0.4477057456970215,-0.5411126017570496,-0.6522586345672609,-0.5411924719810486,-0.2217052727937698,-0.6522586345672609,-0.3823456168174744,-0.5064544081687927,0.0826800167560577,-0.7545713782310487,0.3304528594017029,-0.8132386803627014,0.1585422903299331,-0.8109576106071472,0.1192126274108886,-0.9020522236824036,0.0138923078775405,-0.9237990379333496,0.1058766692876815,-0.8151516318321229,0.223193883895874,-0.2232689708471298,0.4248000681400299,-0.1752191185951233,0.7553386092185974,0.0920635536313056,0.7750471234321593,0.1013673394918441,0.5428051352500916,-0.2219965606927872,5,1
0.4598843157291412,0.4480029344558716,0.4454505145549774,0.4259222745895386,0.3973960876464844,0.3752970099449157,0.6401078701019287,0.5234769582748413,0.6972081065177916,0.6915205717086792,0.5884400010108948,0.3968963325023651,0.2551141381263733,0.3859847486019135,0.2714376747608185,0.1266715079545974,0.1063597425818443,0.1055298671126365,0.1046602129936218,0.1070348024368286,0.1080819517374038,0.1058416962623596,0.1079282537102699,0.1080819517374038,0.1457439959049224,0.1451959758996963,0.2181549817323684,0.2092419862747192,0.3464153409004211,0.3804766237735748,0.4078119695186615,0.451568067073822,0.4253794252872467,0.481248140335083,0.4221602082252502,0.4687871038913727,0.4199078679084778,0.4579792618751525,0.4894863069057464,0.4933108687400818,0.689750075340271,0.7012982368469238,0.8646154403686523,0.8949877619743347,0.8934161067008973,-0.5731309652328491,-0.6659032106399536,-0.7781548500061035,-0.6660391688346863,-0.3493129909038544,-0.7781548500061035,-0.5025876760482788,-0.6261802911758423,-0.0308429487049579,-0.8621890544891356,0.2396891117095947,-0.9079007506370544,0.0826535895466804,-0.896074652671814,0.046919398009777,-0.9889841079711914,-0.0610974580049514,-1.0116933584213257,0.0298698563128709,-0.9005934596061705,0.2225867658853531,-0.2226433902978896,0.4257001578807831,-0.1734075844287872,0.7603517174720765,0.1677798181772232,0.7801670432090758,0.1825135797262192,0.5451610088348389,-0.1421526670455932,5,1
0.458602100610733,0.4463066458702088,0.4437724351882935,0.4245056211948394,0.3960730731487273,0.3742014169692992,0.6361116766929625,0.5301778912544249,0.6918652057647705,0.6849329471588135,0.5956354141235352,0.3968676328659057,0.2555055022239685,0.3830231130123138,0.2703375816345215,0.1266616433858871,0.1063062697649002,0.1054777354001998,0.1046175807714462,0.1070052608847618,0.1081372946500778,0.105842113494873,0.1079161614179611,0.1081372946500778,0.145652413368225,0.1451506316661834,0.2179190218448639,0.2094408273696899,0.3479048609733581,0.3805079758167266,0.406838595867157,0.4548259377479552,0.4207452833652496,0.4826146066188812,0.417167603969574,0.4681642949581145,0.4163691997528076,0.4586280286312103,0.4898791909217833,0.4926485419273376,0.6891205310821533,0.7008293867111206,0.864085555076599,0.8948897123336792,0.8921740651130675,-0.5620036125183105,-0.6554131507873535,-0.7688422203063965,-0.6555717587471008,-0.3388967216014862,-0.7688422203063965,-0.4929585456848144,-0.6169024109840393,-0.0192795656621456,-0.8638218641281128,0.2381698340177536,-0.9154300093650816,0.0971670448780059,-0.8939508199691772,0.0629382953047752,-0.9859719276428224,-0.0427748747169971,-1.003786325454712,0.044279046356678,-0.8967435359954835,0.222838133573532,-0.2229382395744324,0.426214337348938,-0.1441451013088226,0.7628324627876282,0.2101916670799255,0.7821290493011473,0.2269794940948486,0.5514688491821289,-0.0954700484871864,5,1
0.4582946002483368,0.4462726712226868,0.4438687562942505,0.4241071045398712,0.3966581523418426,0.374295175075531,0.6305851936340332,0.5307270288467407,0.6815162897109985,0.6748197674751282,0.5963653326034546,0.3966642916202544,0.2557778656482696,0.3803460001945496,0.268327921628952,0.1266130208969116,0.1062980070710182,0.1054772287607192,0.104632556438446,0.1069733127951622,0.1081310138106346,0.1058197617530822,0.1079690009355545,0.1081310138106346,0.1454371958971023,0.1449561417102813,0.2181938886642456,0.2094690054655075,0.34809011220932,0.3803128898143768,0.4059518873691559,0.4456070363521576,0.4203307032585144,0.4708655476570129,0.4157795310020447,0.4568927884101868,0.4139171540737152,0.449064552783966,0.4901409149169922,0.4920736849308013,0.6886985301971436,0.7005244493484497,0.8635002374649047,0.8948978185653687,0.8911229372024536,-0.4960795640945434,-0.5897422432899475,-0.7053371667861937,-0.5898937582969666,-0.2748304307460785,-0.7053371667861937,-0.42995885014534,-0.5541161298751831,0.0277776140719652,-0.8037245273590087,0.2830790877342224,-0.8480010032653807,0.1372975558042526,-0.8195059299468994,0.0986539497971534,-0.90415358543396,-0.0036909126210957,-0.925317406654358,0.0858179554343223,-0.8225955367088317,0.2228308171033859,-0.2229369282722473,0.42673259973526,-0.1467406749725341,0.7626982927322388,0.1549396216869354,0.7811911702156067,0.1667405515909194,0.5530340075492859,-0.1511810272932052,5,1
0.4587269723415375,0.4466460049152374,0.4442309141159057,0.424480140209198,0.3972594439983368,0.3745014071464538,0.6246770620346069,0.5308797359466553,0.6745859980583191,0.6691365838050841,0.595535397529602,0.3940363526344299,0.2559918463230133,0.3768605887889862,0.2669689059257507,0.1266220211982727,0.1063336133956909,0.1055068746209144,0.1046661958098411,0.1069937348365783,0.1081445217132568,0.1058372482657432,0.1079847663640976,0.1081445217132568,0.1454048454761505,0.1449295431375503,0.2183066308498382,0.2098931968212128,0.3488149046897888,0.3803481459617615,0.406475305557251,0.4329060018062592,0.4217599332332611,0.4536364078521729,0.4133237302303313,0.4414068162441253,0.4105781018733977,0.4344654977321625,0.49106627702713,0.4922714233398437,0.6889318823814392,0.7005316019058228,0.8635347485542297,0.8948484659194945,0.8908859491348265,-0.4340230822563171,-0.5226653814315796,-0.6498041152954102,-0.5228022933006288,-0.2559609413146972,-0.6498041152954102,-0.3802374005317688,-0.4970152974128723,0.0589277744293212,-0.7990366816520691,0.3297170102596283,-0.7789874672889708,0.1773068159818649,-0.7247469425201416,0.1404458433389663,-0.8008618950843811,0.0454715900123119,-0.816113293170929,0.1275537610054016,-0.7252849340438842,0.2208053022623062,-0.2208471447229385,0.3770793974399567,-0.1374368518590927,0.6493707299232483,0.1645718961954116,0.6605892181396484,0.1777607798576354,0.4521698355674744,-0.1293806433677673,5,1
0.4588510692119598,0.4469517469406128,0.4445649981498718,0.4246803224086761,0.3977225124835968,0.3748656809329986,0.6285097002983093,0.5284409523010254,0.6785784959793091,0.6761746406555176,0.59209007024765,0.3929622769355773,0.2560937702655792,0.3755201995372772,0.2662701606750488,0.1266353577375412,0.1064034104347229,0.1055713146924972,0.1047365218400955,0.1070479899644851,0.1082102060317993,0.1058933958411216,0.1080374717712402,0.1082102060317993,0.1453688591718673,0.144894540309906,0.2183820903301239,0.2102208584547042,0.3492801785469055,0.3803381621837616,0.4040964245796204,0.4279260635375976,0.4180442690849304,0.4489225745201111,0.4098848402500152,0.4375670850276947,0.4075900912284851,0.4301229417324065,0.4912360608577728,0.4922982156276703,0.6889861226081848,0.6999779939651489,0.8633674383163453,0.8941987156867982,0.8902477025985717,-0.4479080736637115,-0.5386090874671936,-0.6539933085441588,-0.5387358665466309,-0.2392535060644149,-0.6539933085441588,-0.3874620795249938,-0.5075748562812805,0.0577356964349746,-0.7677594423294067,0.3054148256778717,-0.8010922670364381,0.1563301682472229,-0.7697104811668397,0.1226663514971733,-0.849853515625,0.0235885325819253,-0.8640949726104736,0.1051429659128189,-0.7706803083419799,0.2205425649881363,-0.2205770015716552,0.3759379386901856,-0.1310814917087555,0.658296525478363,0.1764417290687561,0.6703061461448668,0.190341591835022,0.4588486850261688,-0.1192083582282066,5,1
0.4585910439491272,0.4471315145492553,0.4447985887527466,0.4246073365211487,0.3979531228542328,0.3749171793460845,0.626537024974823,0.526162326335907,0.6761910915374756,0.6751688718795776,0.5869162678718567,0.3930111229419708,0.2568888068199157,0.3749778270721436,0.2661919891834259,0.1266826540231704,0.106550358235836,0.1056975275278091,0.1048542633652687,0.1071651205420494,0.1082225665450096,0.1059772595763206,0.1080834046006202,0.1082225665450096,0.1453109681606292,0.1448348015546798,0.218573361635208,0.2096860706806183,0.3491177260875701,0.3786017596721648,0.4000558257102966,0.4225324690341949,0.4133923947811127,0.4388795793056488,0.403952658176422,0.4261249899864197,0.4004566669464111,0.4199296534061432,0.4904425144195556,0.4914705753326416,0.6884545087814331,0.6980957388877869,0.8629555702209472,0.8935567140579223,0.889373779296875,-0.3290510177612304,-0.4174982607364655,-0.52959007024765,-0.417620986700058,-0.1230611503124237,-0.52959007024765,-0.2728340327739715,-0.3901000618934631,0.1352954655885696,-0.6426749229431152,0.3850578367710113,-0.6956812739372252,0.2261599600315093,-0.7118486166000366,0.1889378279447555,-0.7735631465911865,0.0951309949159622,-0.7892701625823975,0.1773094534873962,-0.7074383497238159,0.2158699184656143,-0.2158651202917098,0.3197582364082336,-0.1698375791311264,0.5476545691490173,0.0532606020569801,0.5538850426673889,0.0595306195318698,0.3507001101970672,-0.2418668270111084,5,1
0.4580419361591339,0.4470948874950409,0.4448204934597015,0.4245049059391022,0.3977542519569397,0.3747524321079254,0.6266115307807921,0.52452552318573,0.6769225001335144,0.6772432327270508,0.5836046934127808,0.3931057453155517,0.257157415151596,0.3742944598197937,0.266254425048828,0.1267344057559967,0.1066818982362747,0.1058074980974197,0.104952797293663,0.1072828620672226,0.108242966234684,0.106049820780754,0.1081291884183883,0.108242966234684,0.1452648937702178,0.144778698682785,0.2187006026506424,0.2092485427856445,0.3487899303436279,0.3777016699314117,0.3990083634853363,0.4191370904445648,0.4141409993171692,0.4353034496307373,0.4044511914253234,0.4225578904151917,0.4006346762180328,0.4162254929542541,0.4903555810451508,0.4915452003479004,0.6883956789970398,0.6971369385719299,0.8619304895401002,0.8930543065071107,0.8884801864624022,-0.2969086170196532,-0.388086438179016,-0.5096216797828673,-0.3881856203079224,-0.0911046862602233,-0.5096216797828673,-0.2409071028232574,-0.3615868091583252,0.1608766615390777,-0.6225345730781555,0.4038205444812775,-0.6713418960571289,0.2403230220079421,-0.680691659450531,0.2003169953823089,-0.7408550977706909,0.1041003540158271,-0.7588126063346863,0.1903019547462463,-0.6756843328475952,0.2133461683988571,-0.2133236527442932,0.3135627210140228,-0.1616531908512115,0.5447832942008972,0.0832253322005271,0.5514274835586548,0.0925189852714538,0.3425726294517516,-0.2129980027675628,5,1
0.457284152507782,0.44687619805336,0.4446551799774169,0.4241625368595123,0.3971860706806183,0.3743332326412201,0.6260905265808105,0.5234678387641907,0.6754859089851379,0.674178421497345,0.5818372368812561,0.3931969106197356,0.2589994668960571,0.3728913068771362,0.2669060826301574,0.1268037259578704,0.1068095564842224,0.1059078201651573,0.105034053325653,0.1074082851409912,0.1082699447870254,0.1061271056532859,0.1081634387373924,0.1082699447870254,0.1452449262142181,0.1447505503892898,0.2188292741775512,0.2092094719409942,0.3489617705345154,0.3773885369300842,0.4018617570400238,0.4171870648860931,0.4197189807891845,0.4337084889411926,0.4102628231048584,0.4216572642326354,0.4058814644813537,0.4151481688022613,0.4903994500637054,0.4916334748268128,0.6883965134620667,0.6963725090026855,0.8623580932617188,0.8924821019172668,0.889945149421692,-0.3138869106769562,-0.4027924537658691,-0.5313272476196289,-0.4028058052062988,-0.1147042661905288,-0.5313272476196289,-0.2589271664619446,-0.3782813251018524,0.140343427658081,-0.6468242406845093,0.3612121641635895,-0.7163920998573303,0.185282438993454,-0.7163395285606384,0.1459425240755081,-0.7950076460838317,0.048393364995718,-0.8146078586578369,0.1343591511249542,-0.7181073427200316,0.2134127765893936,-0.2133967876434326,0.3317891657352447,-0.158916637301445,0.5849601030349731,0.1152388006448745,0.5934391617774963,0.1269204318523406,0.3769467175006865,-0.179575428366661,5,1
0.4562163352966308,0.4462780952453613,0.4441404938697815,0.4233669638633728,0.3962718546390533,0.3732815086841583,0.6060166954994202,0.5227756500244141,0.6562628746032715,0.6577215194702148,0.5812498331069945,0.3933221101760864,0.2627301812171936,0.3736764192581177,0.2701193392276764,0.1271973401308059,0.1071229949593544,0.1062036380171775,0.105322740972042,0.1077035814523696,0.1084766760468482,0.1063681617379188,0.1082378178834915,0.1084766760468482,0.1454711407423019,0.1448641717433929,0.2189004123210906,0.2093389928340912,0.3488861620426177,0.3774265646934508,0.4012455344200134,0.4160800874233246,0.4212139546871185,0.4336856007575989,0.4132096767425536,0.4226676821708679,0.4070083200931549,0.4154504835605621,0.490594208240509,0.4920867085456848,0.6886310577392578,0.6963860392570496,0.8633621335029602,0.8927283287048339,0.8900530934333801,-0.3254233300685882,-0.4127102196216583,-0.5562797784805298,-0.4128961265087128,-0.1399629563093185,-0.5562797784805298,-0.2722485065460204,-0.3904943764209747,0.120847076177597,-0.6687409281730652,0.3427506983280181,-0.7302775979042053,0.1663427203893661,-0.71169114112854,0.126876100897789,-0.7879793643951416,0.0325719453394413,-0.8066681027412415,0.1168026253581047,-0.7133267521858215,0.2148424535989761,-0.2148498147726058,0.3433724343776703,-0.1569563150405883,0.6104607582092285,0.1073150113224983,0.6205071210861206,0.117960587143898,0.4090525805950165,-0.1851725429296493,5,1
0.4554529786109924,0.4457023143768311,0.4436323344707489,0.4229341149330139,0.3954906165599823,0.37283855676651,0.5980040431022644,0.5218437910079956,0.6469860672950745,0.6484568119049072,0.5803400874137878,0.3933452069759369,0.2641254663467407,0.3742351830005646,0.271272599697113,0.1273233443498611,0.107232853770256,0.1063123568892478,0.1054383292794227,0.1078178659081459,0.1087878569960594,0.1065016016364097,0.1083377748727798,0.1087878569960594,0.145520269870758,0.1448812037706375,0.2193713188171386,0.2093465775251388,0.3489976525306701,0.3774574995040893,0.4010311961174011,0.4153254628181457,0.4211446642875671,0.4329747557640076,0.4133535921573639,0.4221339225769042,0.4066888391971588,0.414940357208252,0.4907435476779938,0.492205947637558,0.6884729862213135,0.6962181925773621,0.8629663586616515,0.8930456042289734,0.8883478045463562,-0.3413659334182739,-0.4307774305343628,-0.5641353726387024,-0.4309270977973937,-0.1468352675437927,-0.5641353726387024,-0.283131331205368,-0.4027026295661926,0.1093009561300277,-0.6725438833236694,0.3340520560741424,-0.7298330664634703,0.165715754032135,-0.6993359923362732,0.1267559677362442,-0.7729601263999939,0.0345026925206184,-0.791180908679962,0.1170631423592567,-0.7006978988647461,0.2142697423696517,-0.2142752557992935,0.345283716917038,-0.1549607813358307,0.6217050552368164,0.0940608903765678,0.6325977444648743,0.1030536666512489,0.4190551340579986,-0.1986307203769684,5,1
0.4545119106769562,0.4448442757129668,0.4428427815437317,0.4221357107162476,0.3943935930728912,0.3717953562736511,0.595040500164032,0.5176000595092772,0.6476725935935974,0.6448802947998047,0.5767003893852234,0.3924503326416016,0.264816403388977,0.3746339678764343,0.2735657393932342,0.1273960173130035,0.1073410958051681,0.1064172759652137,0.1055453196167945,0.1079449281096458,0.1090801358222961,0.1066488474607467,0.1084589958190918,0.1090801358222961,0.1455264091491699,0.1448834985494613,0.2210121601819992,0.20984847843647,0.3495592474937439,0.3774754405021667,0.3998148441314696,0.4127371311187744,0.4195291399955749,0.4305674433708191,0.4114759862422943,0.4195341467857361,0.4045246541500092,0.4115444719791412,0.4916602671146393,0.493090957403183,0.6884463429450989,0.6963263750076294,0.8620473146438599,0.8933860659599304,0.886167824268341,-0.3451275825500488,-0.4355464577674866,-0.5614109635353088,-0.4356707632541656,-0.1438367664813995,-0.5614109635353088,-0.2865791022777557,-0.4068016111850738,0.1093681305646896,-0.6631250381469728,0.340452492237091,-0.7189578413963318,0.1753936856985092,-0.6913881301879883,0.1354962140321731,-0.7645956873893738,0.0434453897178173,-0.783179998397827,0.1269469857215881,-0.6930041909217833,0.2113542705774307,-0.2113389521837234,0.350567489862442,-0.1545614004135131,0.6256152987480164,0.074140653014183,0.6364915370941162,0.0804425105452537,0.4283864200115204,-0.2227196991443634,5,1
0.4543829262256622,0.4445775747299194,0.442566990852356,0.4221486449241638,0.3938376605510712,0.3717687427997588,0.5931477546691896,0.5202906727790833,0.6423518061637878,0.6385273933410645,0.5775258541107178,0.3914434313774109,0.2648808062076568,0.3749023377895355,0.2744592726230621,0.127603679895401,0.1074912920594215,0.1065604090690612,0.1056817919015884,0.1081189289689064,0.1097311750054359,0.1068549379706382,0.1087931990623474,0.1097311750054359,0.1456449478864669,0.1449995636940002,0.2227124273777008,0.2114404141902923,0.3514298796653747,0.3784359991550445,0.3993945717811584,0.4093632102012633,0.4189829826354981,0.4255914092063904,0.4094147086143493,0.4123644232749938,0.4026136994361877,0.4052709043025969,0.4926014840602874,0.4942782819271088,0.6873095631599425,0.6961684823036194,0.8581365346908569,0.8933819532394409,0.881746768951416,-0.3507070243358612,-0.4414151012897491,-0.5617796182632446,-0.441536545753479,-0.1452604681253433,-0.5617796182632446,-0.2919187843799591,-0.4124640226364136,0.1072021722793579,-0.6627548933029175,0.3253931701183319,-0.7159048914909363,0.152433305978775,-0.6908490657806396,0.1082907691597938,-0.767662227153778,0.0229476075619459,-0.7821868658065795,0.1055381894111633,-0.6919796466827393,0.2090930491685867,-0.2090130895376205,0.360198587179184,-0.1501756608486175,0.6444952487945557,0.0824295803904533,0.6566058397293091,0.0910118073225021,0.4586805999279022,-0.2136687338352203,5,1
0.453442096710205,0.44369176030159,0.4417446553707122,0.421324759721756,0.3929742276668548,0.371089607477188,0.5919113755226135,0.5202545523643494,0.6380201578140259,0.6329049468040465,0.5773166418075562,0.3914727568626404,0.2648807764053345,0.3751381635665893,0.2747808694839477,0.1277001351118087,0.1076358705759048,0.1067008227109909,0.1058181971311569,0.1082552671432495,0.1099686175584793,0.1069661825895309,0.1089537516236305,0.1099686175584793,0.1456466168165207,0.1450007259845733,0.2231924533843994,0.2122802436351776,0.3523160219192505,0.3788248896598816,0.3988984227180481,0.4047177731990814,0.4194057583808898,0.4207718968391417,0.408534824848175,0.4061867594718932,0.4014399647712708,0.3996843695640564,0.4928507804870605,0.4946041107177734,0.6867986917495728,0.6960000395774841,0.857797622680664,0.8934539556503296,0.8815374374389648,-0.3455448448657989,-0.4344002306461334,-0.5443705916404724,-0.4345317780971527,-0.1384639143943786,-0.5443705916404724,-0.2882700562477112,-0.4058292508125304,0.1080297455191612,-0.6423676609992981,0.3232412934303284,-0.6878370642662048,0.1385562419891357,-0.6810214519500732,0.0934257060289382,-0.7626603841781616,0.0101669803261756,-0.774545907974243,0.0918464735150337,-0.6827925443649292,0.2058095782995224,-0.2056805342435836,0.3332297503948212,-0.1498665511608123,0.5790749192237854,0.0882456749677658,0.5864158868789673,0.0973218902945518,0.3823451995849609,-0.2083447128534316,5,1
0.4528259634971618,0.4431235790252685,0.4411976337432861,0.4208289682865143,0.3921989500522613,0.3704150319099425,0.5927303433418274,0.5201964378356934,0.6390130519866943,0.6336142420768738,0.5770531296730042,0.3915216326713561,0.264941930770874,0.3753627240657806,0.2747279107570648,0.1277312636375427,0.1077170372009277,0.1067836284637451,0.1059030890464782,0.1083223968744278,0.1100499853491783,0.1070134192705154,0.1090387850999832,0.1100499853491783,0.1456415653228759,0.1449945867061614,0.2234080284833908,0.2129991948604584,0.3528638482093811,0.378945916891098,0.3988417983055114,0.4024516940116882,0.420117437839508,0.4184106886386871,0.4085882604122162,0.4032329618930816,0.4008277952671051,0.3970522284507752,0.4933748841285705,0.4954319894313812,0.6868110299110413,0.6960490942001343,0.8578359484672545,0.8934963941574096,0.8816692233085632,-0.3460306525230408,-0.4350367784500121,-0.5453234314918518,-0.4351519644260406,-0.1380751878023147,-0.5453234314918518,-0.289117693901062,-0.4067968726158142,0.1079793274402618,-0.6424603462219238,0.3218186199665069,-0.6870114803314209,0.1310986131429672,-0.6794863939285278,0.0863222405314445,-0.75897878408432,-0.0005049277096986,-0.7723798751831055,0.0834897682070732,-0.6810818314552307,0.2035718113183975,-0.2034254670143127,0.3394074141979217,-0.1419356316328048,0.594224750995636,0.0944519564509391,0.60312819480896,0.1021312698721885,0.4005677103996277,-0.2005257904529571,5,1
0.4521291851997376,0.4424483478069305,0.4405083060264587,0.4203891754150391,0.391523778438568,0.3699280619621277,0.5933343768119812,0.520079493522644,0.6383981704711914,0.6318263411521912,0.5769715905189513,0.3912611305713653,0.2645043432712555,0.3760136365890503,0.2749967873096466,0.1277552247047424,0.1077407598495483,0.1067962422966957,0.1059189587831497,0.1083650439977645,0.1101099699735641,0.1070552319288253,0.1090642437338829,0.1101099699735641,0.1456223130226135,0.1449924409389495,0.2233845889568328,0.2131468504667282,0.3528648912906647,0.3791075050830841,0.3985387682914733,0.4017567038536072,0.4208442270755768,0.4176152348518372,0.4089550375938416,0.40240740776062,0.4003264904022217,0.3959453403949737,0.4933488368988036,0.4954145848751068,0.6862735152244568,0.6960598230361937,0.8577368855476379,0.8936198353767395,0.881670594215393,-0.3460594117641449,-0.4362818002700805,-0.5452980399131775,-0.4364118278026581,-0.1318708807229995,-0.5452980399131775,-0.28915935754776,-0.4080408811569214,0.1185010522603988,-0.6462206244468689,0.3207464218139648,-0.6899085640907288,0.1293670386075973,-0.683525025844574,0.0856914594769477,-0.765591025352478,-0.0020807324908673,-0.7800045609474182,0.082085333764553,-0.6853479743003845,0.204930767416954,-0.2047599405050277,0.3306584060192108,-0.1556110680103302,0.5815997123718262,0.0863401591777801,0.5892229080200195,0.0926238149404525,0.3784367144107818,-0.220456376671791,5,1
0.4501289725303649,0.4406051337718964,0.4387485384941101,0.4179985523223877,0.3904807567596436,0.3674869239330292,0.5922012925148009,0.514849066734314,0.6389986872673035,0.6316770315170288,0.5723173022270203,0.3914642035961151,0.2644479870796204,0.3765308260917664,0.2753232717514038,0.1277584731578827,0.1077541559934616,0.1068087220191955,0.1059300079941749,0.108378566801548,0.1101249903440475,0.1070692539215087,0.1090601459145546,0.1101249903440475,0.1455189287662506,0.1449223756790161,0.2223262786865234,0.2131152153015136,0.3505818843841553,0.3790900409221648,0.3987415432929992,0.4018674790859222,0.4239889681339264,0.4177525639533996,0.4122579991817474,0.4027971625328064,0.4027788639068604,0.3963705897331238,0.4926446378231048,0.4948751926422119,0.6855314373970032,0.6959384083747864,0.8577257394790649,0.8933110237121582,0.8816145658493043,-0.347903311252594,-0.4380403757095337,-0.5398985743522644,-0.4381643533706665,-0.1323592960834503,-0.5398985743522644,-0.2905582785606384,-0.4093396365642548,0.119410939514637,-0.6385524272918701,0.3196225464344024,-0.677981972694397,0.1271638870239257,-0.6750714182853699,0.0843088924884796,-0.7594708800315858,-0.0051669036038219,-0.7758847475051879,0.079605184495449,-0.678260326385498,0.205053225159645,-0.2048866003751754,0.3120610415935516,-0.1652824580669403,0.5395230054855347,0.0694515258073806,0.5441276431083679,0.0739042982459068,0.332220196723938,-0.23931884765625,5,1
0.4492707848548888,0.439786285161972,0.4379267394542694,0.4171713888645172,0.3896801769733429,0.3662020266056061,0.5797680616378784,0.5127436518669128,0.6257246136665344,0.6213892102241516,0.570795476436615,0.3915460407733916,0.2644869387149811,0.3770154714584351,0.2759801745414733,0.1277687400579452,0.1077673435211181,0.1068207398056984,0.105937048792839,0.1083876937627792,0.1101316064596176,0.1070771366357803,0.1090168133378028,0.1101316064596176,0.1454189568758011,0.1448578089475631,0.2201274931430817,0.2129150331020355,0.3478088080883026,0.3790850937366485,0.3997939229011536,0.4019416868686676,0.4274325370788574,0.4194307923316956,0.4152405858039856,0.4042887091636657,0.4051760733127593,0.3968886137008666,0.4920076429843903,0.4946328997612,0.6849876046180725,0.6958480477333069,0.8572823405265808,0.8924996256828307,0.8812487721443176,-0.3488200604915619,-0.4387094676494598,-0.5423785448074341,-0.4388265907764434,-0.1332262009382248,-0.5423785448074341,-0.2915814816951752,-0.4099289774894714,0.1203300505876541,-0.6417552828788757,0.3189323544502258,-0.6812912225723267,0.1267685294151306,-0.67471843957901,0.0846193507313728,-0.7581610679626464,-0.0046587493270635,-0.7745337486267091,0.0794821679592132,-0.6781718134880066,0.2085929065942764,-0.2084619104862212,0.3184216618537903,-0.1634889990091323,0.5614207983016968,0.0818850472569465,0.568879008293152,0.0870600789785385,0.3604902923107147,-0.2270968258380889,5,1
0.4486648142337799,0.4392106235027312,0.4373634457588196,0.416550487279892,0.3891108632087708,0.3653052151203156,0.5725710988044739,0.5101961493492126,0.6195567846298218,0.6155110001564026,0.5668179988861084,0.3916302025318146,0.2644857764244079,0.3770813941955566,0.276427149772644,0.1277736574411392,0.1077761054039001,0.1068256646394729,0.1059348210692405,0.1083985567092895,0.1101292744278907,0.1070879101753234,0.1089667528867721,0.1101292744278907,0.1453252285718917,0.1447928994894027,0.219045490026474,0.212720438838005,0.3468348085880279,0.3790925145149231,0.401071697473526,0.4026808738708496,0.4300202429294585,0.4231116771697998,0.418982833623886,0.4083159565925598,0.407371997833252,0.3997398912906647,0.4915284514427185,0.4944231510162353,0.6848538517951965,0.6958537101745604,0.857045829296112,0.8921374082565308,0.8812681436538696,-0.3507115542888641,-0.4400774240493774,-0.5438050031661987,-0.4401871263980865,-0.1340810060501098,-0.5438050031661987,-0.2933756709098816,-0.4110004007816314,0.1203194931149482,-0.6434867978096008,0.3184532523155212,-0.6826882362365723,0.126101553440094,-0.6711661219596863,0.0846312269568443,-0.7542160749435424,-0.0039815618656575,-0.7713012099266051,0.0791923776268959,-0.6746683120727539,0.2108895033597946,-0.2107926905155181,0.323829174041748,-0.1623966991901397,0.5685929656028748,0.0844463258981704,0.5754135847091675,0.0903186276555061,0.3667009174823761,-0.2223761826753616,5,1
0.4478225708007813,0.4381861686706543,0.4362890422344208,0.4154601991176604,0.3882986307144165,0.3641168475151062,0.568099319934845,0.5095452070236206,0.6158503293991089,0.6074224710464478,0.5639805793762207,0.3916572630405425,0.2645350992679596,0.3777130842208862,0.277776300907135,0.1276069283485412,0.1076036468148231,0.1066252216696739,0.1057115569710731,0.1082783341407775,0.1100158244371414,0.1069989800453186,0.1087045520544052,0.1100158244371414,0.145021304488182,0.1445322781801223,0.2174394577741623,0.2123242616653442,0.3455753922462463,0.3790881037712096,0.4011769294738769,0.4033972322940826,0.4384765028953552,0.4252572655677795,0.4182581007480621,0.4106885492801665,0.4207191467285156,0.4014670252799988,0.4908287525177001,0.4943789839744568,0.6842776536941528,0.6958366632461548,0.8560072779655457,0.8919488787651062,0.8801840543746947,-0.362035721540451,-0.4514210522174835,-0.5476540327072144,-0.4515471458435058,-0.1391376554965973,-0.5476540327072144,-0.3043734133243561,-0.4219112098217009,0.1167833507061004,-0.6484867930412292,0.3090078234672546,-0.6906523704528809,0.1166645139455795,-0.6786162257194519,0.0742827206850051,-0.7612479925155639,-0.0126088941469788,-0.778456449508667,0.0703400522470474,-0.6818433403968811,0.2121942490339279,-0.2120973020792007,0.3402394950389862,-0.1622888743877411,0.6039866805076599,0.0890656858682632,0.6123441457748413,0.0947827845811843,0.4026767611503601,-0.2221081405878067,5,1
0.4473062753677368,0.4375671446323394,0.4356708228588104,0.4147914350032806,0.387939840555191,0.3635240197181701,0.565270721912384,0.5092798471450806,0.6082351207733153,0.5977224707603456,0.5629582405090332,0.3916961550712585,0.2646272778511047,0.3784358203411102,0.2781158983707428,0.1274856925010681,0.1074651703238487,0.1064621806144714,0.1055272445082664,0.1081933006644248,0.109962560236454,0.1069469004869461,0.1084892377257347,0.109962560236454,0.1447782814502716,0.1443621069192886,0.2163090407848358,0.2117108851671219,0.3438933193683624,0.3790461719036102,0.4010320603847504,0.4034304618835448,0.4424010217189789,0.4257417321205139,0.4194102883338928,0.4111996591091156,0.4253965020179748,0.4017409682273865,0.4903711676597595,0.49434894323349,0.6837151050567627,0.6958396434783936,0.8551005125045776,0.8919519186019897,0.8792836070060731,-0.3571965098381042,-0.4458134472370148,-0.5377978682518004,-0.4459461569786072,-0.1331982016563415,-0.5377978682518004,-0.3001439869403839,-0.4166296720504761,0.119558684527874,-0.6397560834884644,0.3087312281131744,-0.6826015710830688,0.1146157085895538,-0.6712934970855713,0.0710435584187507,-0.7531212568283081,-0.0139807518571615,-0.7710723280906677,0.0689082592725753,-0.6747912764549255,0.2124291360378265,-0.212325856089592,0.3512051105499267,-0.1620991379022598,0.6177459359169006,0.0885763019323349,0.6264991760253905,0.0941977575421333,0.4211171865463257,-0.2205911576747894,5,1
0.4469265937805176,0.4370494782924652,0.4350445568561553,0.4142698049545288,0.3870374858379364,0.3630176186561584,0.5553314685821533,0.4983287453651428,0.5965644121170044,0.5865842700004578,0.550807535648346,0.3917151093482971,0.2646902799606323,0.3785278201103209,0.2785202860832214,0.1274467408657074,0.1073909625411033,0.1063912957906723,0.1054654940962791,0.1081380695104598,0.1099122613668441,0.1069131046533584,0.1084440797567367,0.1099122613668441,0.1447663456201553,0.1443463265895843,0.2164191454648971,0.2108269482851028,0.3424557149410248,0.3772961497306824,0.3988864719867706,0.4019339084625244,0.4405437111854552,0.4232872128486633,0.4173224568367004,0.4085233211517333,0.4225090146064758,0.3995281755924225,0.4911104142665863,0.4948951303958893,0.6855504512786865,0.6969456076622009,0.8599011301994324,0.8940696716308594,0.8834911584854126,-0.3294585943222045,-0.4213034808635712,-0.5159096121788025,-0.4214972257614136,-0.0960859954357147,-0.5159096121788025,-0.2720800936222076,-0.3928208947181701,0.1628488898277282,-0.6306368708610535,0.3570903241634369,-0.6803670525550841,0.1433889418840408,-0.6631049513816833,0.0948626399040222,-0.7450076341629027,0.0103962663561105,-0.7644152045249939,0.0966996178030967,-0.6661853194236755,0.2200964391231537,-0.2199382632970809,0.3733244240283966,-0.1488806158304214,0.6616560220718384,0.1397383511066436,0.6721489429473877,0.1507730185985565,0.4563233256340026,-0.168190598487854,5,1
0.446002185344696,0.435804694890976,0.4336508512496948,0.4127319753170013,0.3856441974639892,0.361838161945343,0.5526509881019592,0.4915602505207062,0.594279408454895,0.584906280040741,0.543049156665802,0.3917476236820221,0.2654013335704803,0.3785658180713653,0.2788938879966736,0.1273553222417831,0.1071983203291893,0.1062005534768104,0.1052902117371559,0.1080076545476913,0.1099132448434829,0.1068591028451919,0.1083882823586464,0.1099132448434829,0.1447612792253494,0.1443428993225097,0.2165116369724273,0.2102792561054229,0.3419332504272461,0.3760751485824585,0.3972561955451965,0.4004538655281066,0.4386934638023376,0.4214791655540466,0.4198386073112488,0.4061480164527893,0.4205121994018554,0.3973548114299774,0.4921095967292785,0.4955663084983825,0.6862698793411255,0.6977899670600891,0.8609883189201355,0.895348846912384,0.8841038942337037,-0.3236987888813019,-0.4166291058063507,-0.5136200785636902,-0.4168297946453094,-0.0887797623872757,-0.5136200785636902,-0.2656940221786499,-0.387891560792923,0.1751323044300079,-0.6289252638816833,0.3771450519561768,-0.675900399684906,0.1572965234518051,-0.6469091176986694,0.1066601350903511,-0.7267958521842957,0.0214066859334707,-0.7479430437088013,0.1099674850702285,-0.6495853662490845,0.2259436994791031,-0.225751370191574,0.4085370004177093,-0.1253381818532943,0.7216290831565858,0.1828546971082687,0.7351303696632385,0.1966252475976944,0.5235165357589722,-0.1210282295942306,5,1
0.4456052482128143,0.4352357089519501,0.4330141842365265,0.4119970500469208,0.3848356008529663,0.3612747490406036,0.5546886920928955,0.4928857684135437,0.596796989440918,0.5858341455459595,0.5443767309188843,0.3919879496097564,0.2657715380191803,0.3794944882392883,0.2804659008979797,0.1269596964120865,0.1066254526376724,0.1056417450308799,0.1047685295343399,0.1075366511940956,0.109875164926052,0.1065611988306045,0.1082174554467201,0.109875164926052,0.144673153758049,0.1442824602127075,0.2168112099170684,0.2102409303188324,0.3421364426612854,0.3761171400547028,0.4082544445991516,0.4007445871829986,0.4384272992610931,0.4220172464847564,0.4192357659339905,0.4066863656044006,0.4170551896095276,0.3975276052951813,0.4924264848232269,0.4961019158363342,0.6862930059432983,0.6979590058326721,0.8608722686767578,0.895523428916931,0.8836479187011719,-0.3516596555709839,-0.4429858028888702,-0.5280926823616028,-0.4431580305099487,-0.1087464019656181,-0.5280926823616028,-0.2923552095890044,-0.412564754486084,0.16508649289608,-0.638468325138092,0.3706467449665069,-0.6906796097755432,0.1431460827589035,-0.6834338903427124,0.0882492884993553,-0.7678291201591492,0.0011262577027082,-0.7885982990264893,0.0948961600661277,-0.6869036555290222,0.2268192023038864,-0.2266474217176437,0.4377502501010895,-0.1196569204330444,0.7694745659828186,0.1752256155014038,0.7853198647499084,0.187084287405014,0.5798129439353943,-0.1316972225904464,5,1
0.4444116950035095,0.4338021576404572,0.4315225481987,0.4104912579059601,0.3835103213787079,0.3601535856723785,0.562964141368866,0.4937614798545837,0.6092472672462463,0.6011133193969728,0.5451451539993286,0.3921988904476166,0.2662955224514007,0.3793304860591888,0.2811524868011474,0.1266446411609649,0.1061940416693687,0.1052330136299133,0.1044017523527145,0.1071447283029556,0.1097840815782546,0.1063006520271301,0.1080533489584922,0.1097840815782546,0.1446028649806976,0.1442249864339828,0.2168660461902618,0.2102414667606353,0.342318445444107,0.3768549561500549,0.4076398015022278,0.4035790860652924,0.4307091832160949,0.4240316450595856,0.4188878536224364,0.4092018604278565,0.4155846536159515,0.4001341760158538,0.4927911162376404,0.4964984357357024,0.6870313286781311,0.6984866857528688,0.8607974052429198,0.895651936531067,0.883720576763153,-0.3581018149852752,-0.4503021240234375,-0.5413573980331421,-0.4504345059394837,-0.1176554560661316,-0.5413573980331421,-0.2995014190673828,-0.4208001494407654,0.1580881029367447,-0.6545486450195312,0.368028849363327,-0.7096298933029175,0.1401296257972717,-0.7065425515174866,0.0878637805581092,-0.794209063053131,0.0001091979429475,-0.8113477826118469,0.0921462252736091,-0.7095716595649719,0.2280715703964233,-0.2279284000396728,0.419780433177948,-0.1189914569258689,0.7274577021598816,0.1825120896100997,0.7405965924263,0.1947237700223922,0.5336581468582153,-0.1190922707319259,5,1
0.4432732164859772,0.4324133098125458,0.43008953332901,0.4089808464050293,0.3821678459644317,0.3586285412311553,0.5612362027168274,0.4867151379585265,0.6012352705001831,0.6009250283241272,0.5390773415565491,0.3923618793487549,0.2666978240013122,0.3793647289276123,0.2819415926933288,0.1257641166448593,0.1050901040434837,0.1041862592101097,0.1034051179885864,0.1060454249382019,0.1090258508920669,0.1053242459893226,0.1072729378938674,0.1090258508920669,0.1442647278308868,0.1439265459775924,0.2166955918073654,0.2091214209794998,0.342450201511383,0.3770599365234375,0.4068077504634856,0.4083277583122253,0.4404892027378081,0.4293226301670073,0.4216181635856629,0.4167784750461578,0.4151996970176697,0.4072462916374207,0.4929041266441344,0.496631383895874,0.6870869994163513,0.6988645792007446,0.8603962659835814,0.8956279754638672,0.8833648562431334,-0.3546315431594848,-0.4481529593467712,-0.5421348214149475,-0.448309451341629,-0.1180577278137207,-0.5421348214149475,-0.2963519692420959,-0.4190886914730072,0.1543949991464615,-0.6622819900512695,0.3591375052928924,-0.7118020057678223,0.1415609270334243,-0.7046561241149902,0.0929072573781013,-0.7916844487190247,0.0071612014435231,-0.8071728944778441,0.0942917093634605,-0.7070816159248352,0.2318422049283981,-0.2317173182964324,0.4184395670890808,-0.1166571602225303,0.7287676334381102,0.1897549778223037,0.7422975301742554,0.2027189284563064,0.5390691757202148,-0.1063422337174415,5,1
0.442243993282318,0.4310863614082336,0.4286812543869018,0.4076999723911285,0.3806684613227844,0.3572241365909576,0.5661342144012451,0.4933067858219146,0.6082120537757874,0.6093071699142456,0.5467447638511658,0.3923933207988739,0.2668977379798888,0.378245621919632,0.2823387682437897,0.125546708703041,0.1046687215566635,0.1037791818380355,0.1030184030532836,0.1056020706892013,0.1087454557418823,0.1049060374498367,0.1070112958550453,0.1087454557418823,0.1442159116268158,0.1438823640346527,0.2169653475284576,0.2091684639453888,0.3452381491661072,0.3785562515258789,0.4149080812931061,0.4244939684867858,0.4455808699131012,0.450267881155014,0.4357700943946838,0.4395096898078918,0.4251316189765929,0.4285326600074768,0.4936253130435944,0.4972150921821593,0.6884523630142212,0.699548602104187,0.8605481982231139,0.8956085443496704,0.8837607502937315,-0.3622055947780608,-0.4566954374313353,-0.5687917470932007,-0.4568440616130829,-0.1385152041912078,-0.5687917470932007,-0.3047769069671631,-0.4287174940109253,0.1369471549987792,-0.6937504410743712,0.3309719264507293,-0.736987292766571,0.1410755962133407,-0.7065091729164124,0.0918547809123992,-0.7913486957550048,0.0059985928237438,-0.807659387588501,0.0932901576161384,-0.7088558077812195,0.232191652059555,-0.2320979684591293,0.4131351113319397,-0.113040842115879,0.7208567261695863,0.2026175409555435,0.734603464603424,0.2164376825094223,0.5338464379310608,-0.0887446850538253,5,1
0.4413269758224487,0.4300342202186584,0.4275812804698944,0.4066917300224304,0.379474639892578,0.3561695218086242,0.5695286393165588,0.4956212341785431,0.6129649877548218,0.6147145032882689,0.5521565079689026,0.3924192786216736,0.2669054567813873,0.3778848946094513,0.2837982475757599,0.125417873263359,0.1044242978096008,0.1035450249910354,0.1027978807687759,0.105336844921112,0.1086575537919998,0.1046626567840576,0.1069106236100196,0.1086575537919998,0.144191026687622,0.1438494026660919,0.2170112431049347,0.2093015611171722,0.3462921380996704,0.3793789148330688,0.4167695045471192,0.4292460978031158,0.4555055499076843,0.454939991235733,0.4365596771240234,0.4446154236793518,0.4273763597011566,0.4345647692680359,0.4936002194881439,0.4972087740898132,0.6888967156410217,0.6997090578079224,0.860448718070984,0.8954957127571107,0.8837526440620422,-0.3620456755161285,-0.4564805030822753,-0.5662996768951416,-0.4566482603549956,-0.1401012688875198,-0.5662996768951416,-0.3042325973510742,-0.4277656972408295,0.1294907480478286,-0.6876841187477112,0.3172053396701813,-0.731040120124817,0.1399468034505844,-0.7027097344398499,0.0934860557317733,-0.7864505052566528,0.0079260366037487,-0.8041964769363403,0.0926785543560981,-0.7052719593048096,0.2319758534431457,-0.2319017201662063,0.3915974497795105,-0.1145705506205558,0.671448826789856,0.1984868943691253,0.6823955178260803,0.2113913893699645,0.4891474843025208,-0.1031304076313972,5,1
0.4405290782451629,0.4287684559822082,0.4262740314006805,0.4054460823535919,0.3782941699028015,0.3550039827823639,0.5695744156837463,0.4959032833576202,0.6131178140640259,0.6153348088264465,0.5521031618118286,0.3924503028392792,0.266899436712265,0.3775193095207214,0.2849366962909698,0.1245786547660827,0.1036663502454757,0.1028468981385231,0.102145254611969,0.1045889481902122,0.1082823053002357,0.1040249466896057,0.1065562739968299,0.1082823053002357,0.1436807811260223,0.143390342593193,0.217059850692749,0.2094625234603881,0.3463480174541473,0.379853755235672,0.4153891503810882,0.4283213019371032,0.4556163847446441,0.4527541697025299,0.4346899092197417,0.4418922364711761,0.4260773062705993,0.4318986535072327,0.4933339059352874,0.4971097111701965,0.6892994642257689,0.6997652053833008,0.8601450920104979,0.895285427570343,0.8836261630058287,-0.361042022705078,-0.4547627866268157,-0.5650165677070618,-0.454904556274414,-0.1397507041692733,-0.5650165677070618,-0.3041545748710632,-0.4271761178970337,0.1265842318534851,-0.6835496425628662,0.3101003766059875,-0.7275295853614806,0.1377086490392685,-0.6999837160110474,0.0922873839735984,-0.7830684185028077,0.0071673062629997,-0.8013687133789062,0.0908036157488822,-0.7025378942489624,0.2318426370620727,-0.2317733913660049,0.3875286877155304,-0.1153513714671134,0.6623077988624573,0.1902927458286285,0.672676682472229,0.2020049840211868,0.4788959026336669,-0.1096791997551918,5,1
0.4395683705806732,0.4275658428668976,0.4250752329826354,0.4042805135250092,0.3775359690189361,0.3540798723697662,0.5696881413459778,0.4878630042076111,0.6137755513191223,0.6153513193130493,0.5444594025611876,0.392459362745285,0.2667156159877776,0.3772484958171845,0.2867063879966736,0.1240482702851295,0.1033115610480308,0.1025229841470718,0.1018468588590622,0.1042311042547226,0.1080833822488784,0.103717528283596,0.1063805222511291,0.1080833822488784,0.1433505415916443,0.143065795302391,0.2170501202344894,0.2093311846256256,0.3455332219600677,0.3798487782478333,0.4148488640785217,0.426175057888031,0.4536757469177246,0.4497458934783936,0.4343926012516022,0.4382795691490173,0.4248863160610199,0.4285890460014343,0.4925850331783295,0.496636152267456,0.6894035339355469,0.6997787952423096,0.8600708842277527,0.8951338529586792,0.8835945129394531,-0.3435763716697693,-0.4366794228553772,-0.5465082526206969,-0.4368128180503844,-0.1230394914746284,-0.5465082526206969,-0.288144588470459,-0.4103752076625824,0.1419433057308197,-0.6756991147994995,0.3240013420581817,-0.7252855896949768,0.1468221396207809,-0.6976951360702515,0.1045868024230003,-0.7804042100906371,0.0180680584162473,-0.7985478043556212,0.0995610132813453,-0.7003365159034729,0.2319207489490508,-0.231852576136589,0.3778814077377319,-0.1357041299343109,0.6428601145744324,0.1485025584697723,0.6515218019485474,0.157999500632286,0.4517841339111328,-0.1492226868867874,5,1
0.4392472207546233,0.4266393780708313,0.4240474998950958,0.403380423784256,0.3762561678886413,0.3533443212509155,0.5736711621284485,0.4896032512187958,0.6160489320755005,0.6188161373138428,0.5468509197235107,0.3923022449016571,0.2666454911231994,0.3769015371799469,0.2879418134689331,0.1231787055730819,0.102491095662117,0.1017706021666526,0.1011385321617126,0.1034526973962783,0.1076052039861679,0.1030372008681297,0.1059600338339805,0.1076052039861679,0.1428252607583999,0.1425754725933074,0.2172414064407349,0.2095260918140411,0.3464877903461456,0.3800383806228637,0.4139629006385803,0.4248014390468597,0.4419613480567932,0.4484843313694,0.433197796344757,0.4363685548305512,0.4236570894718169,0.4266676902770996,0.4927342534065247,0.4967420101165771,0.6903730034828186,0.7001791000366211,0.8603216409683228,0.8952423334121704,0.8839165568351746,-0.3446199893951416,-0.4377843141555785,-0.5485620498657227,-0.4378998577594756,-0.1250844448804855,-0.5485620498657227,-0.2896099090576172,-0.4118281900882721,0.1398327797651291,-0.6765083074569702,0.32231667637825,-0.7323211431503296,0.1431568562984466,-0.7077035307884216,0.1010467559099197,-0.7924892902374268,0.0119182020425796,-0.8083695173263549,0.0947706028819084,-0.7101537585258484,0.2316458374261856,-0.2315764725208282,0.3827293813228607,-0.1337279379367828,0.6516960263252257,0.1544612944126129,0.6604115962982178,0.1647884398698806,0.4630532264709472,-0.1388458609580993,5,1
0.4385287761688232,0.4249961376190185,0.4222819805145264,0.4017249941825866,0.3742239773273468,0.3516547083854675,0.564525306224823,0.4899238049983977,0.6016560196876526,0.5946863889694214,0.5458539724349976,0.3919999301433563,0.2664354145526885,0.3765648603439331,0.2885431349277496,0.1229580640792846,0.1021173372864723,0.101415991783142,0.100792109966278,0.1031258702278137,0.1074531078338623,0.1027422994375228,0.1058265566825866,0.1074531078338623,0.1426786631345749,0.1424411535263061,0.2175086438655852,0.2095208466053008,0.3450192511081695,0.3794378340244292,0.4060020446777344,0.410771369934082,0.4419243335723877,0.428300529718399,0.4209402501583099,0.4151260256767273,0.4236700534820556,0.4079723954200744,0.4927392601966857,0.4967449307441712,0.6907923817634584,0.7001779675483704,0.8612138032913208,0.8952382802963258,0.8850188255310057,-0.3212651312351227,-0.4124312400817871,-0.5119477510452272,-0.4125605821609497,-0.0968912094831466,-0.5119477510452272,-0.26507169008255,-0.3847197592258453,0.1593217551708221,-0.632611870765686,0.3464199900627136,-0.6794310808181763,0.1486496478319168,-0.6408228874206543,0.1047959402203559,-0.7178106307983398,0.0169454514980316,-0.7354432940483093,0.1010332629084587,-0.642813205718994,0.2298595905303955,-0.2297692447900772,0.3753531873226166,-0.1349654793739318,0.6381289958953857,0.1484874486923217,0.6460190415382385,0.1587489396333694,0.4388583302497864,-0.1449359655380249,5,1
0.4378490746021271,0.4240074157714844,0.4213383495807648,0.4002608954906464,0.3734323680400848,0.3505339622497558,0.5550470352172852,0.4943827688694,0.5803676843643188,0.5861837863922119,0.5488082766532898,0.3919457197189331,0.266455352306366,0.3765697181224823,0.2895695567131042,0.1229660063982009,0.1020888835191726,0.1013895720243454,0.1007701903581619,0.1030865088105201,0.1074368134140968,0.102689504623413,0.1058243662118911,0.1074368134140968,0.1426752358675003,0.1424258351325988,0.2179722785949707,0.2103444337844849,0.3452165424823761,0.3792128860950469,0.4029276371002196,0.39455246925354,0.4418541491031647,0.4061658382415771,0.4113737940788269,0.3897556960582732,0.4045481681823729,0.3855248093605041,0.4928374290466308,0.4971314072608948,0.6907841563224792,0.7000671029090881,0.8612512350082396,0.8948613405227661,0.8850669860839844,-0.3251995742321014,-0.4157166481018066,-0.5068850517272949,-0.4158609211444855,-0.0982425361871719,-0.5068850517272949,-0.268342912197113,-0.386823445558548,0.1571988463401794,-0.6189951300621033,0.3456143736839294,-0.6396939754486084,0.107280433177948,-0.5632888078689575,0.0549206212162971,-0.6322566270828247,-0.0286507848650217,-0.6474733948707581,0.060197576880455,-0.562764585018158,0.2255218774080276,-0.2253738194704056,0.3754926025867462,-0.1250867247581482,0.6393988132476808,0.1728753745555877,0.6464213728904724,0.1857022792100906,0.4462609589099884,-0.1203968152403831,5,1
0.4373948872089385,0.4229118227958679,0.4201861023902893,0.3990283012390136,0.3723770081996918,0.3498193025588988,0.5184512734413146,0.5416898727416992,0.5309215784072876,0.5306100845336914,0.5956233739852905,0.3942172229290008,0.2675992846488952,0.3766600191593169,0.2902770638465881,0.1229753941297531,0.1020863875746726,0.1013862341642379,0.100767470896244,0.1030873283743858,0.1075434684753418,0.1026916652917862,0.1058441027998924,0.1075434684753418,0.1426741182804107,0.1424221098423004,0.2178434580564499,0.2132814824581146,0.344428539276123,0.3791552186012268,0.3231721222400665,0.3756328225135803,0.3113400936126709,0.3745428919792175,0.2907506823539733,0.3606888651847839,0.2918876111507416,0.3608885407447815,0.4922067523002625,0.4971126914024353,0.6905080676078796,0.6999149918556212,0.8612386584281921,0.8944374322891235,0.8848578333854675,-0.318246841430664,-0.4028251767158508,-0.4798099994659424,-0.4030629098415375,-0.0981447249650955,-0.4798099994659424,-0.2601618766784668,-0.3700370490550994,0.1532680541276931,-0.5827553868293761,0.1924819499254226,-0.5602814555168152,-0.1346516013145446,-0.3472043573856354,-0.2021787464618683,-0.3818824291229248,-0.2202441543340682,-0.3819712400436401,-0.1579168885946273,-0.3349706530570984,0.1934610307216644,-0.193165972828865,0.3361735045909881,-0.0831980854272842,0.5976725816726685,0.2155804336071014,0.6084621548652649,0.2311316579580307,0.4034413695335388,-0.0598149411380291,5,1
0.4372988343238831,0.4225854277610778,0.419853925704956,0.3987224996089935,0.372044414281845,0.3497015833854675,0.6063629984855652,0.5691770911216736,0.5917177796363832,0.6030137538909912,0.6194935441017151,0.3961751759052276,0.2675842940807342,0.3791006803512572,0.2898310124874115,0.1227273121476173,0.101818636059761,0.101136490702629,0.1005337610840797,0.102856196463108,0.107559785246849,0.1025373339653015,0.1058198064565658,0.107559785246849,0.1425187587738037,0.1422859728336334,0.2177198678255081,0.2160253077745437,0.3392603993415832,0.3797914385795592,0.3047044277191162,0.3556578457355499,0.2814074158668518,0.3450868725776672,0.2852416932582855,0.3277710676193237,0.2833655476570129,0.330731451511383,0.4921159744262695,0.4974251687526703,0.6905611157417296,0.7004116177558899,0.8616337776184082,0.8945191502571107,0.8849936723709105,-0.3146193325519562,-0.4013460278511047,-0.487384021282196,-0.401530921459198,-0.0946915745735168,-0.487384021282196,-0.2546692192554474,-0.3676467835903168,0.1528961211442947,-0.5823344588279724,0.0469085052609443,-0.5175116658210753,-0.5174986720085144,-0.2221198976039886,-0.6142369508743286,-0.2352648377418518,-0.6150510311126709,-0.2449072748422622,-0.542010486125946,-0.2090840190649032,0.1876879334449768,-0.1875833570957184,0.362212210893631,-0.0853388607501983,0.6471803188323976,0.1835040152072906,0.6641668677330017,0.1954715102910995,0.4755316078662872,-0.0875960737466812,5,1
0.4366985261440276,0.4217697679996489,0.4190707802772521,0.3981287777423858,0.371502697467804,0.3492130637168884,0.6468415856361389,0.5642988085746765,0.6642154455184937,0.6669067144393921,0.6105770468711853,0.397902637720108,0.2675816714763641,0.3807907402515411,0.2884216904640198,0.121950589120388,0.1011677607893943,0.1004988178610801,0.099875271320343,0.1022294387221336,0.107441209256649,0.1019483655691146,0.1054914221167564,0.107441209256649,0.1419204771518707,0.1417350322008133,0.2175142765045166,0.2163220196962356,0.3327589631080627,0.3793336451053619,0.2905977964401244,0.3358010351657867,0.2732312679290771,0.323630392551422,0.2689588367938995,0.3041467070579529,0.2745570242404938,0.3080373108386993,0.4914305210113525,0.4974003732204436,0.6905283331871033,0.7005600333213806,0.8618224859237671,0.8946408033370972,0.885244071483612,-0.315185010433197,-0.4036064445972442,-0.4837504029273986,-0.4037723839282989,-0.0820128843188285,-0.4837504029273986,-0.2536827027797699,-0.3687938153743744,0.1685620695352554,-0.5782825946807861,0.0290443282574415,-0.5113656520843506,-0.6021642684936523,-0.1826032400131225,-0.7081689834594728,-0.1895242929458618,-0.7090051174163817,-0.2020150870084762,-0.6283556222915649,-0.1693850308656692,0.1893294602632522,-0.1892186850309372,0.3623680174350738,-0.0913467928767204,0.6690405607223511,0.1650777608156204,0.6877015233039856,0.1760146915912628,0.4840598106384277,-0.1270168125629425,5,1
0.4358140230178833,0.4210425913333893,0.4186132550239562,0.3975855112075805,0.3715326488018036,0.3488292396068573,0.6315650939941406,0.5192437767982483,0.6512321829795836,0.6255096197128296,0.5355414748191833,0.3978116810321808,0.2675642371177673,0.3810768127441406,0.2824040651321411,0.1211894378066062,0.1007536202669143,0.1001147404313087,0.0995054394006729,0.1017500907182693,0.1069360524415969,0.1013817340135574,0.104897916316986,0.1069360524415969,0.1405770182609558,0.1403242200613021,0.216355800628662,0.2162559032440185,0.3295968174934387,0.3785119652748108,0.2659804821014404,0.3073514997959137,0.2477901428937912,0.2836269438266754,0.2355798929929732,0.2646157145500183,0.2429011762142181,0.2718656957149505,0.4885559082031249,0.4955648481845856,0.690593421459198,0.7012450098991394,0.8625138401985168,0.8948472142219542,0.8857675790786742,-0.2368529438972473,-0.3319665193557739,-0.4256120920181274,-0.3320877850055694,0.0014969028998166,-0.4256120920181274,-0.1743940860033035,-0.2975862622261047,0.2553087472915649,-0.5009313225746155,0.0735737085342407,-0.4041383862495422,-0.5998213291168213,-0.0363686420023441,-0.7013447880744934,-0.0284354928880929,-0.6921550035476685,-0.0408291220664978,-0.6221492290496825,-0.0209575314074754,0.1907293945550918,-0.1906371414661407,0.3405738472938537,-0.1087363362312316,0.6261737942695618,0.106489859521389,0.6420689821243286,0.1153866648674011,0.4382609426975249,-0.180883452296257,5,1
0.4347874224185944,0.4199642539024353,0.4178058207035064,0.3967897295951843,0.3715502917766571,0.348225861787796,0.6149666905403137,0.4877653419971465,0.629238486289978,0.5896583795547485,0.4979808032512665,0.397068053483963,0.2668924629688263,0.3815650939941406,0.2784993350505829,0.1206272989511489,0.1003180593252182,0.0997207462787628,0.0991528928279876,0.1012409776449203,0.1065395846962928,0.100858949124813,0.1044411063194274,0.1065395846962928,0.1395212709903717,0.139088898897171,0.215032011270523,0.2157537192106246,0.3302963376045227,0.3766705691814423,0.2546356320381164,0.2960532009601593,0.2286414206027985,0.2689125835895538,0.2135347872972488,0.2485795319080352,0.223877876996994,0.257279634475708,0.4873269498348236,0.493511438369751,0.6906290054321289,0.7021826505661011,0.8630610704421997,0.8954166173934937,0.8862373232841492,-0.1829870790243148,-0.2815068662166595,-0.3866719901561737,-0.2816148698329925,0.0564897954463958,-0.3866719901561737,-0.1209248006343841,-0.2490779906511306,0.3124830424785614,-0.4618617594242096,0.0988842025399208,-0.356369823217392,-0.5905939936637878,0.0527809932827949,-0.6893930435180664,0.073206678032875,-0.6625192165374756,0.0576087087392807,-0.6060829758644104,0.0686787888407707,0.1915733814239501,-0.1914965063333511,0.3327136635780334,-0.164777934551239,0.6220653653144836,0.0118377497419714,0.6377639174461365,0.016269527375698,0.431132048368454,-0.2874642610549927,5,1
0.4337229430675506,0.4191771745681762,0.4172618389129639,0.3958616554737091,0.3716486692428589,0.3476658165454864,0.550811767578125,0.4646650552749634,0.5623436570167542,0.5293728113174438,0.472415953874588,0.3961540162563324,0.2669095695018768,0.3814854025840759,0.2775747776031494,0.1204721927642822,0.1000202149152755,0.0993996635079383,0.0988141819834709,0.1009676605463028,0.1059397906064987,0.1005758047103881,0.1037041544914245,0.1059397906064987,0.1389516144990921,0.1384284049272537,0.2132273018360137,0.2148986607789992,0.3307920098304748,0.3757250905036926,0.251347690820694,0.2887540459632873,0.2262331247329712,0.2609323859214782,0.2116995751857757,0.2424103319644928,0.2225895375013351,0.2497669905424118,0.4883640706539153,0.493661731481552,0.692356288433075,0.7041612267494202,0.8650047183036803,0.8958458900451661,0.8874802589416504,-0.1995819956064224,-0.2921363711357116,-0.3708039224147796,-0.2923095822334289,0.0442244261503219,-0.3708039224147796,-0.1356273889541626,-0.2558587491512298,0.2957136034965515,-0.4348912239074707,0.0606605634093284,-0.318907082080841,-0.6282139420509337,0.0966740176081657,-0.7252757549285888,0.1200832799077034,-0.6848843693733215,0.103725180029869,-0.636928141117096,0.1122915372252464,0.1888099461793899,-0.1888433247804641,0.3653446137905121,-0.1567301452159881,0.7228121161460876,0.0607411488890647,0.7456312179565429,0.0682511180639267,0.5301166772842407,-0.2391574084758758,5,1
0.4328469038009644,0.4187738597393036,0.4169740080833435,0.3951913714408874,0.3716659545898437,0.3471291959285736,0.5304140448570251,0.4457533955574036,0.535955548286438,0.503315269947052,0.4532059133052825,0.3945685625076293,0.2668772935867309,0.3810546100139617,0.2774513363838196,0.1201866716146469,0.0998612120747566,0.0992271155118942,0.0986356139183044,0.1007883921265602,0.1053768992424011,0.100317969918251,0.1032947301864624,0.1053768992424011,0.1384356766939163,0.1379148662090301,0.2124696522951126,0.2123082876205444,0.3320603966712952,0.3741816878318786,0.2502997517585754,0.282921552658081,0.2297590523958206,0.2546292245388031,0.2149215191602707,0.2371389418840408,0.2235541641712188,0.2446001470088958,0.4894981980323792,0.4939402043819427,0.6947242021560669,0.7055726647377014,0.8669759631156921,0.8962181210517883,0.8890682458877563,-0.2132910043001175,-0.3068253695964812,-0.3944312930107116,-0.3069540560245513,0.027565736323595,-0.3944312930107116,-0.1476647555828094,-0.2698968946933746,0.2865833640098572,-0.4549338519573212,0.0573636814951896,-0.3259737789630889,-0.6276671290397644,0.0971743986010551,-0.7256300449371338,0.122958980500698,-0.6779024004936217,0.0975053384900093,-0.6327780485153198,0.1093004420399665,0.190052330493927,-0.190091848373413,0.4144565165042876,-0.1211630702018737,0.7586862444877625,0.0757198259234428,0.7811444401741027,0.0841753035783767,0.5813564062118529,-0.2359360754489898,5,1
0.4325855672359466,0.418730616569519,0.416978359222412,0.39394411444664,0.3722888827323913,0.3462089598178863,0.5131946802139281,0.4306737780570984,0.5085297822952272,0.4758828580379486,0.4316013753414153,0.3945653736591339,0.2674339413642884,0.3808773458003998,0.2774212658405304,0.1201937049627304,0.0998552367091179,0.0992240011692047,0.0986354127526283,0.1007639914751052,0.105359673500061,0.1002930030226707,0.1032610982656478,0.105359673500061,0.1384289711713791,0.1378971934318542,0.2111516743898392,0.2117436677217483,0.3185097873210907,0.3742091357707977,0.2555921673774719,0.2797802090644836,0.2330655604600906,0.2503865361213684,0.2183984220027923,0.236051708459854,0.2257559597492218,0.2429631054401397,0.4897580146789551,0.4940411448478698,0.6964952349662781,0.706853985786438,0.8688423037528991,0.8966450691223145,0.890677571296692,-0.2255917936563492,-0.3194142580032348,-0.4041873514652252,-0.319556564092636,0.0106484461575746,-0.4041873514652252,-0.1649118363857269,-0.2865957021713257,0.2712538540363312,-0.4582274556159972,0.0037976677995175,-0.3314217627048492,-0.7247540950775145,0.0916370078921318,-0.8315376043319702,0.1143726110458374,-0.7665011882781982,0.0853708609938621,-0.7228752374649047,0.1035691350698471,0.1908928602933884,-0.1909414529800415,0.4057483375072479,-0.1036517545580864,0.7334000468254089,0.0909294039011001,0.7506154179573059,0.0998453423380851,0.5468616485595703,-0.2172955125570296,5,1
0.4321047067642212,0.4181885123252868,0.4165700376033783,0.392349511384964,0.3723156750202178,0.3450031280517578,0.4945171475410461,0.4216609001159668,0.480449378490448,0.4598057270050049,0.417888343334198,0.3945697844028473,0.2677645683288574,0.3806326985359192,0.2775291502475738,0.1201664060354232,0.0997022539377212,0.0990982502698898,0.0985372588038444,0.1005647331476211,0.1052604764699936,0.1000773906707763,0.1031937152147293,0.1052604764699936,0.1383482813835144,0.137685626745224,0.2114647179841995,0.2111107558012008,0.3290640413761139,0.3743388056755065,0.2578493654727936,0.2743447124958038,0.2295714318752288,0.2437728941440582,0.2180157154798508,0.2313596904277801,0.2243364751338958,0.2373460978269576,0.4905654788017273,0.494450569152832,0.6967626810073853,0.7074580192565918,0.8686768412590026,0.8966513872146606,0.8906504511833192,-0.2571233808994292,-0.3514598309993744,-0.4165531694889068,-0.3516243100166321,0.0021732589229941,-0.4165531694889068,-0.18504399061203,-0.307269275188446,0.2613813877105713,-0.4792977273464202,-0.0517178960144519,-0.3464808762073517,-0.8175936937332153,0.0982756614685058,-0.9300952553749084,0.1225072741508483,-0.8547383546829223,0.0881009027361869,-0.8137670755386353,0.107505202293396,0.1911778301000595,-0.1913979202508926,0.4797119200229645,-0.076630987226963,0.8624008893966675,0.1520556658506393,0.8903529644012451,0.1643202453851699,0.6885813474655151,-0.1509444266557693,5,1
0.4319506287574768,0.4180262386798858,0.4164781272411345,0.3916051089763641,0.3724066317081451,0.3444663882255554,0.488448828458786,0.4206826984882354,0.4727343320846557,0.4542526304721832,0.4158332347869873,0.3947579264640808,0.2679256200790404,0.380421906709671,0.2776052355766296,0.1199283227324485,0.0993363410234451,0.0987741276621818,0.0982539057731628,0.1001584157347679,0.1050521284341812,0.0996656492352485,0.1030622273683548,0.1050521284341812,0.1380553543567657,0.1373301148414611,0.2126139849424362,0.2106571942567825,0.3398377001285553,0.3746204674243927,0.2576452791690826,0.2717384994029999,0.2287184745073318,0.2406175136566162,0.2169631421566009,0.2286986410617828,0.2233474552631378,0.2345262765884399,0.4914130568504333,0.4951615929603576,0.6965174078941345,0.7073634266853333,0.8661931753158569,0.8961313366889954,0.88764750957489,-0.2610207200050354,-0.3547177910804748,-0.421851485967636,-0.3549023568630218,-0.0039165085181593,-0.421851485967636,-0.1854099333286285,-0.3077087104320526,0.2559252083301544,-0.4758603870868682,-0.057998452335596,-0.3345183134078979,-0.8130611777305603,0.1010249704122543,-0.9232356548309326,0.1252956539392471,-0.8478425145149232,0.09311493486166,-0.8081899881362915,0.1103434339165687,0.1901862919330597,-0.1904795169830322,0.4714944958686828,-0.0672009289264679,0.8548734188079835,0.1714982688426971,0.8833547234535217,0.1840123236179352,0.6787996292114258,-0.1317451894283294,5,1
0.4317663908004761,0.4176915884017944,0.4162432253360748,0.3907947242259979,0.3724619448184967,0.3440340757369995,0.4817401170730591,0.4203886687755584,0.4599323272705078,0.4412333965301513,0.4123595058917999,0.394776314496994,0.2680706977844238,0.3798639476299285,0.2778471708297729,0.1194832772016525,0.0988560691475868,0.0982951074838638,0.0977661311626434,0.0996274501085281,0.1048717498779296,0.0991122499108314,0.1027600318193435,0.1048717498779296,0.1377609074115753,0.1370105594396591,0.2130909860134124,0.2104765623807907,0.3438684046268463,0.3746190071105957,0.2544894814491272,0.2668728530406952,0.2242901623249053,0.2331534922122955,0.213270142674446,0.2229831516742706,0.219850867986679,0.229376271367073,0.4925892949104308,0.4961224496364593,0.6965750455856323,0.7077459096908569,0.8657479286193847,0.8957104682922363,0.887105643749237,-0.2653375566005707,-0.3582629263401031,-0.4235321581363677,-0.3584543764591217,-0.0076397596858441,-0.4235321581363677,-0.1878700703382492,-0.3089720904827117,0.2546446621417999,-0.4743898212909697,-0.0688829198479652,-0.3351375758647918,-0.8212864398956298,0.114508144557476,-0.9307461977005004,0.1393455117940902,-0.8502542972564697,0.1059532985091209,-0.8137399554252625,0.1235221102833747,0.189960241317749,-0.1903099864721298,0.453501969575882,-0.0603826530277728,0.8158581256866454,0.1886378675699234,0.8421148657798766,0.2020399868488312,0.6383993625640869,-0.108791247010231,5,1
0.4316764771938324,0.4174656271934508,0.4160787761211395,0.3902648985385895,0.3725083768367767,0.343789279460907,0.4829859733581543,0.4219072461128234,0.4604083299636841,0.4401026964187622,0.4130292236804961,0.3945531249046325,0.2681433260440826,0.3796780109405517,0.2781316041946411,0.1190060600638389,0.0982486978173256,0.0976683646440506,0.0971076488494872,0.0990509763360023,0.1047149673104286,0.0985821112990379,0.1023382321000099,0.1047149673104286,0.1375556886196136,0.1368294954299926,0.2130421698093414,0.210467368364334,0.3434730172157287,0.3745021820068359,0.2534599900245666,0.2634205818176269,0.2229687422513961,0.2298958599567413,0.2115142792463302,0.2200182229280472,0.2188175469636916,0.2267196625471115,0.4932132363319397,0.496785581111908,0.6965171098709105,0.7080573439598083,0.8656598329544067,0.8957015872001648,0.887105107307434,-0.2788140475749969,-0.3724477589130401,-0.4255858659744263,-0.3726300597190857,-0.0078843291848897,-0.4255858659744263,-0.2021993398666381,-0.3235517144203186,0.2540955543518066,-0.4778295159339905,-0.0807624533772468,-0.3530209958553314,-0.8429278731346129,0.1106052920222282,-0.9554039835929872,0.134655088186264,-0.8714762926101683,0.0996654629707336,-0.8345013856887817,0.119449459016323,0.1910081654787063,-0.191451832652092,0.4556303322315216,-0.0568534433841705,0.8183328509330748,0.1992586106061935,0.8451396226882935,0.2131967693567276,0.6431655287742615,-0.0966486483812332,5,1
0.4308556020259856,0.4167746305465697,0.4155870974063873,0.389163076877594,0.3726419806480408,0.343299239873886,0.4890527129173279,0.4214952290058136,0.4707780182361602,0.4503031969070434,0.4123398959636688,0.3941226899623871,0.2681479156017303,0.378765195608139,0.2783884108066559,0.1190085262060165,0.0982453897595405,0.0976637974381446,0.0971025079488754,0.0990421026945113,0.1047263741493225,0.0985765308141708,0.1023351550102233,0.1047263741493225,0.137615755200386,0.1368405520915985,0.2131332606077194,0.2098293304443359,0.3465020656585693,0.3741076290607452,0.2542047202587128,0.2545427680015564,0.22444748878479,0.2245902121067047,0.2125385701656341,0.2149451225996017,0.2206142842769622,0.2212748974561691,0.4932727217674255,0.4967857897281647,0.6969422698020935,0.7080208063125609,0.8658439517021179,0.895702838897705,0.8884423971176147,-0.2797612845897674,-0.3726964592933655,-0.4267453551292419,-0.3728670477867126,-0.0112044382840394,-0.4267453551292419,-0.2037134766578674,-0.3241987228393554,0.250548392534256,-0.4827561974525452,-0.054755225777626,-0.3358072340488434,-0.7857233881950377,0.1432946473360061,-0.8931111097335814,0.1693417280912399,-0.8155216574668883,0.1304630190134048,-0.7800070047378541,0.1499050706624984,0.1932400166988372,-0.1937871873378753,0.4687460064888,-0.0503926500678062,0.833114206790924,0.2102652490139007,0.8602070212364196,0.2252174615859985,0.6589019298553467,-0.0791563913226127,5,1
0.4299206733703613,0.4161510765552521,0.415068507194519,0.3884617686271667,0.3726603984832764,0.3424566090106964,0.4925871491432189,0.420437753200531,0.478386640548706,0.4598615765571593,0.4134880900382996,0.3938812613487244,0.2678895592689514,0.3780715465545654,0.2784565091133117,0.1190255731344223,0.0982313603162765,0.097650721669197,0.0970902517437934,0.0990194454789161,0.104705810546875,0.098551906645298,0.1023100167512893,0.104705810546875,0.1376654058694839,0.1368441432714462,0.2140953242778778,0.2090777605772018,0.3532491326332092,0.3737383782863617,0.2548055946826935,0.2571275234222412,0.2257038801908492,0.2263260781764984,0.2137819230556488,0.2163974940776824,0.2215642631053924,0.2229487597942352,0.4931785464286804,0.4963713586330414,0.6975977420806885,0.7079911828041077,0.8664935231208801,0.8957363367080688,0.889966607093811,-0.2433346807956695,-0.3323979377746582,-0.3896670937538146,-0.3325393199920654,0.0109682949259877,-0.3896670937538146,-0.1732099056243896,-0.2891372144222259,0.2730643451213836,-0.4435107409954071,-0.0388199687004089,-0.3050745725631714,-0.7353876829147338,0.1325530409812927,-0.8391193151473998,0.1564234495162964,-0.786875009536743,0.1219397261738777,-0.7363473773002625,0.1394876539707183,0.1933656334877014,-0.19389508664608,0.46123206615448,-0.0598807595670223,0.8150845170021057,0.1685807406902313,0.84010910987854,0.1800025999546051,0.6393254995346069,-0.1271197646856308,5,1
0.4294108152389526,0.4160458445549011,0.4150064289569855,0.3881781399250031,0.3727815747261047,0.3418892323970794,0.4951354563236236,0.4236835837364197,0.482264369726181,0.4623296558856964,0.4189307391643524,0.3931891024112701,0.2677797675132751,0.3777703940868377,0.278412401676178,0.1191727891564369,0.0982529297471046,0.0976676046848297,0.0971049517393112,0.0990577191114425,0.1047112569212913,0.0986175090074539,0.1022719740867614,0.1047112569212913,0.1377710998058319,0.1369213163852691,0.2141083478927612,0.2090812921524048,0.3518438339233398,0.3737486004829407,0.2567048668861388,0.2639819979667663,0.2280882894992828,0.2342439591884612,0.2149809598922729,0.2221925258636474,0.2225232124328612,0.2285428792238235,0.4926495552062988,0.4955564439296722,0.697712242603302,0.7078746557235718,0.8670179247856141,0.8957805633544922,0.8910059928894043,-0.2070173472166061,-0.2965099513530731,-0.3654926419258117,-0.2966695725917816,0.0366712212562561,-0.3654926419258117,-0.1400316655635833,-0.2564417123794556,0.299114465713501,-0.4261429607868194,0.0197121668606996,-0.2811414003372192,-0.6597179174423218,0.1640615910291671,-0.7590002417564392,0.19328673183918,-0.6932690143585205,0.1617101281881332,-0.6577128171920776,0.173259675502777,0.1938863396644592,-0.1943960785865784,0.4451456367969513,-0.0914323478937148,0.7853882908821107,0.1076859235763549,0.8084056377410888,0.1158056780695915,0.6029048562049866,-0.1895315796136856,5,1
0.4294158220291137,0.4160774350166321,0.4150393307209015,0.3884997069835663,0.3731335401535033,0.3420911729335785,0.5062697529792786,0.4250768423080444,0.5059748888015747,0.4779896140098572,0.4252147674560546,0.3923456370830536,0.2678847312927246,0.3773066103458404,0.2784355282783508,0.1192888244986534,0.09832464158535,0.0977272912859916,0.097161129117012,0.099139243364334,0.104681596159935,0.0986855924129486,0.1022569313645362,0.104681596159935,0.1378424763679504,0.1369606107473373,0.2127107381820678,0.2084415405988692,0.3505592942237854,0.3723202645778656,0.2523050010204315,0.267102837562561,0.22507706284523,0.2387557923793792,0.2103265225887298,0.2243953943252563,0.2183550596237182,0.2312268316745758,0.4912134110927582,0.4945398271083832,0.6976801156997681,0.7074843645095825,0.8670994639396667,0.895781636238098,0.891378879547119,-0.215995654463768,-0.3082608878612518,-0.3804303109645844,-0.3084016144275665,0.0296156089752912,-0.3804303109645844,-0.1482816934585571,-0.2685280442237854,0.2996924817562103,-0.4380136728286743,0.0571354702115058,-0.2984423041343689,-0.6000829339027405,0.1210781633853912,-0.6990143656730652,0.1452435106039047,-0.6428689956665039,0.1146447509527206,-0.6026095747947693,0.1302529573440551,0.200441151857376,-0.2008033394813537,0.4445384442806244,-0.1211661323904991,0.7757102251052856,0.0625168085098266,0.7969210147857666,0.0688813850283622,0.5967817902565001,-0.2309032678604125,5,1
0.4288864135742188,0.4159725308418273,0.4149597883224487,0.3885739147663117,0.373355358839035,0.342281013727188,0.5176832675933838,0.4381555914878844,0.53194260597229,0.5008856058120728,0.4495579302310944,0.3921756446361542,0.2679086327552795,0.3777790367603302,0.2786603569984436,0.1197119131684303,0.0984662845730781,0.0978452190756797,0.0972614884376525,0.0993617326021194,0.104693055152893,0.0989557281136512,0.1022617816925048,0.104693055152893,0.1379326283931732,0.137051060795784,0.2126341164112091,0.208269402384758,0.3499027490615845,0.3721407651901244,0.2527202069759369,0.2688084542751312,0.2225937843322753,0.2404811680316924,0.2057880461215973,0.2260915786027908,0.2156898975372314,0.2335858792066574,0.491230309009552,0.4945687651634216,0.6974586248397827,0.7074607610702515,0.8664150238037108,0.8952908515930175,0.8909249305725098,-0.2203205525875091,-0.3122203946113586,-0.3849896788597106,-0.3123679757118224,0.0264325700700283,-0.3849896788597106,-0.1528815627098083,-0.2726629972457886,0.2951078116893768,-0.4479684531688689,0.0566937662661075,-0.3147450387477875,-0.6113889217376709,0.1171900331974029,-0.7112711668014526,0.1431362926959991,-0.6592674255371094,0.1167630329728126,-0.6159027814865112,0.1288747936487198,0.20085971057415,-0.2012045383453369,0.4436058104038239,-0.1193425580859184,0.7918437719345092,0.0843517184257507,0.815093159675598,0.0928041636943817,0.6120176911354065,-0.2104150801897048,5,1
0.4288413226604461,0.415953516960144,0.4149427711963653,0.3889719247817992,0.3733853995800018,0.3425913453102112,0.5323804020881653,0.4506987631320953,0.5559958815574646,0.528959333896637,0.4638510048389434,0.3917425870895386,0.2675351798534393,0.3785405158996582,0.2787001132965088,0.1197057366371154,0.0984588712453841,0.097845122218132,0.097263865172863,0.0993299037218093,0.104514755308628,0.0989203006029129,0.102248728275299,0.104514755308628,0.1379011422395706,0.1369714587926864,0.2126727551221847,0.2082046270370483,0.3494793176651001,0.3716625571250916,0.2539966404438019,0.2694166600704192,0.2236462831497192,0.2413603961467743,0.2077291309833526,0.2276529371738433,0.2181745767593384,0.2346325367689132,0.4912408888339996,0.4945874214172363,0.6969755887985228,0.7073973417282104,0.8647210001945494,0.8947607278823853,0.8892194628715515,-0.1993441730737686,-0.2929508984088897,-0.3690723478794097,-0.2931385040283203,0.0515807569026947,-0.3690723478794097,-0.1340319365262985,-0.2558498084545135,0.3205850720405578,-0.4493024945259094,0.0787150934338569,-0.3183499276638031,-0.604414701461792,0.1070156618952751,-0.7063227891921997,0.1313356459140777,-0.6628820300102234,0.1075228303670883,-0.6146177649497986,0.1192029565572738,0.2016339898109436,-0.201898843050003,0.4345706105232239,-0.1457286477088928,0.7901386618614196,0.0567277111113071,0.813388466835022,0.0636352151632309,0.6052773594856262,-0.2503076195716857,5,1
0.428827166557312,0.4158236682415008,0.4147615730762481,0.3892014920711517,0.3732981383800506,0.3429470360279083,0.5772444605827332,0.5010444521903992,0.590888738632202,0.5650838613510132,0.5038124322891235,0.3914597928524017,0.2674090266227722,0.3785207867622376,0.2790473401546478,0.1190895214676856,0.0979418456554412,0.0973911508917808,0.0968705490231514,0.0987074896693229,0.103947713971138,0.0982856377959251,0.1018933057785034,0.103947713971138,0.1375926434993744,0.1365700960159301,0.2136305272579192,0.2080149203538894,0.3410359621047973,0.3696466386318207,0.2530403435230255,0.2765973210334778,0.2244189232587814,0.25774484872818,0.2097368985414504,0.2338201105594635,0.2196314036846161,0.2428275793790816,0.4909917414188385,0.4945867657661437,0.6964837312698364,0.7070143818855286,0.8647159337997437,0.8947621583938599,0.8892258405685424,-0.1886320710182189,-0.2853868305683136,-0.3711577653884888,-0.2855498492717743,0.062633991241455,-0.3711577653884888,-0.124949924647808,-0.2507586479187012,0.3396459519863128,-0.4775571227073669,0.1163830533623695,-0.3655314147472381,-0.5576162338256836,0.10475505143404,-0.6630415320396423,0.1264972239732742,-0.6342922449111937,0.1028270274400711,-0.5757395625114441,0.1143267527222633,0.2116936296224594,-0.211789533495903,0.3930808901786804,-0.1403673142194748,0.7108622789382936,0.0596141442656516,0.7295345067977905,0.0686444342136383,0.5163983106613159,-0.2408175319433212,5,1
0.4288476407527924,0.4158230125904083,0.414754182100296,0.3896738588809967,0.373201996088028,0.343567430973053,0.5861156582832336,0.5060595273971558,0.6047433018684387,0.5960375666618347,0.5167766809463501,0.3917220532894135,0.2670566737651825,0.3785044252872467,0.2790761291980743,0.1186401471495628,0.0976981073617935,0.0971546694636344,0.0966382473707199,0.0984830930829048,0.1038363575935363,0.0980761498212814,0.1017198711633682,0.1038363575935363,0.1372259855270385,0.1362770050764084,0.2153172940015792,0.2080276757478713,0.3402740061283111,0.3693044781684875,0.2534144520759582,0.2865464985370636,0.2257098704576492,0.2668493688106537,0.2157406359910964,0.246158555150032,0.2194884568452835,0.2528654038906097,0.4901513159275055,0.4942617416381836,0.6959476470947266,0.7066821455955504,0.8647176027297973,0.8947600126266478,0.889223873615265,-0.191473513841629,-0.2871536016464233,-0.3728770315647124,-0.2873184978961944,0.0577713288366794,-0.3728770315647124,-0.1284189820289611,-0.2530927658081054,0.3314631879329681,-0.4816086590290069,0.1149580106139183,-0.3922470510005951,-0.549856960773468,0.0238176379352808,-0.655605673789978,0.0336024723947048,-0.6303015947341919,0.0181145407259464,-0.5685232877731323,0.037417784333229,0.2129390686750412,-0.2129838168621063,0.3639290630817413,-0.1523789465427398,0.6661361455917358,0.0683054625988006,0.6829707026481628,0.0777829736471176,0.4696404337882996,-0.2300912290811538,5,1
0.4288341999053955,0.4157662689685821,0.4146389961242676,0.3898711204528808,0.3729934692382813,0.3438472151756286,0.6119987964630127,0.5159594416618347,0.6404759287834167,0.6304059624671936,0.5330417752265929,0.3924440145492553,0.2670504748821258,0.378496766090393,0.2790915369987488,0.1183861494064331,0.0975720509886741,0.0970258712768554,0.0964971184730529,0.0984040945768356,0.1038335785269737,0.0980402082204818,0.1016714721918106,0.1038335785269737,0.1371175348758697,0.1362216770648956,0.2158732414245605,0.2081432044506072,0.3372710645198822,0.3700431883335113,0.2561463117599488,0.3063703775405884,0.229002684354782,0.2915669977664947,0.230864331126213,0.2686693072319031,0.2228268831968307,0.2737779319286346,0.4885489344596863,0.4936179518699645,0.6928833723068237,0.7052253484725952,0.861991047859192,0.8933361172676086,0.8866327404975891,-0.2370442897081375,-0.3266201913356781,-0.4072468280792236,-0.3267313241958618,-0.0026642403099685,-0.4072468280792236,-0.1760559678077697,-0.2927722930908203,0.2690832912921905,-0.500916063785553,0.1006665006279945,-0.4291575849056244,-0.5249925851821899,-0.108900099992752,-0.6254860162734985,-0.1109326034784317,-0.6181746125221252,-0.1233746632933616,-0.5480670928955078,-0.0967254415154457,0.2113319635391235,-0.2112651169300079,0.3660466074943542,-0.1445679068565368,0.6619489789009094,0.0770964473485946,0.6783012747764587,0.0868188142776489,0.4756593108177185,-0.2016221582889557,5,1
0.4294853508472442,0.4158019721508025,0.4146333336830139,0.3904831409454345,0.3726727366447449,0.3445034325122832,0.6053142547607422,0.5554913878440857,0.619819402694702,0.599501371383667,0.5898524522781372,0.3924412131309508,0.267783910036087,0.3784896731376648,0.2797192335128784,0.1179297715425491,0.097257986664772,0.0966900140047073,0.0961337015032768,0.0982312858104705,0.1039520055055618,0.0979970544576644,0.1016574651002884,0.1039520055055618,0.1370528042316436,0.1362231075763702,0.2155902832746505,0.2093793600797653,0.3336378335952759,0.3731228709220886,0.2793121635913849,0.3355241119861603,0.2664195895195007,0.3241932392120361,0.2594123184680938,0.3022239804267884,0.2650588154792785,0.3052836954593658,0.4902710318565368,0.4968925416469573,0.6914315819740297,0.7050065994262695,0.8599355816841124,0.8928116559982301,0.8851798176765443,-0.3442948460578918,-0.4360378980636596,-0.5318370461463928,-0.4361660480499268,-0.1185135841369628,-0.5318370461463928,-0.2789534330368041,-0.3979098796844482,0.1422245800495147,-0.6248663663864136,0.0416433066129684,-0.5309330224990845,-0.5490946173667908,-0.2128250896930694,-0.6492438912391664,-0.2326977849006652,-0.6695610880851746,-0.2468285709619522,-0.5595848560333252,-0.2023030221462249,0.2104481607675552,-0.2103955447673797,0.4569659829139709,-0.0124866617843508,0.791796088218689,0.3324331641197204,0.8136353492736816,0.356354683637619,0.6306414604187012,0.0786615535616874,5,1
0.4301432371139526,0.4158892631530761,0.414636492729187,0.3907385170459747,0.3723553121089935,0.3446885943412781,0.6225005388259888,0.5957859754562378,0.6404996514320374,0.6547459363937378,0.6444565057754517,0.3924374580383301,0.2681199610233307,0.3778070211410521,0.281078428030014,0.1173966377973556,0.0967768579721451,0.0961687117815017,0.095555379986763,0.0979382991790771,0.1040320396423339,0.0978702753782272,0.1015898212790489,0.1040320396423339,0.1370162069797516,0.1362551003694534,0.2155513316392898,0.2103467881679535,0.3329468369483948,0.3735644817352295,0.3197230398654938,0.352236270904541,0.2937242686748504,0.3463167548179626,0.2764036953449248,0.329067051410675,0.3063990175724029,0.3313046097755432,0.4912887513637543,0.4976893961429596,0.6900739073753357,0.7039253115653992,0.8594145774841309,0.8926869630813599,0.8849131464958192,-0.370508313179016,-0.4547796845436096,-0.5393404364585876,-0.4548906981945038,-0.1601108759641647,-0.5393404364585876,-0.307598352432251,-0.4165525138378143,0.0998938754200935,-0.6297217011451721,0.0576403476297855,-0.5594180226325989,-0.3987054228782654,-0.3553961217403412,-0.4917202889919281,-0.4026571810245513,-0.5305965542793274,-0.4118773937225342,-0.4334170818328857,-0.3487600684165954,0.200196623802185,-0.1999459564685821,0.4425244927406311,-0.0136243319138884,0.7463443279266356,0.3207720518112182,0.7639315128326416,0.3414044678211212,0.5818748474121094,0.0573468096554279,5,1
0.430143654346466,0.4159204363822937,0.4146341979503632,0.3907879590988159,0.3721896708011627,0.3447074592113495,0.6068962216377257,0.5630247592926024,0.6449688076972961,0.6336996555328369,0.6015505194664001,0.3928627073764801,0.2679767608642578,0.3777607381343841,0.2813189327716827,0.1174625605344772,0.0967701822519302,0.0961567014455795,0.0955363661050796,0.0979366451501846,0.1040341630578041,0.0978710129857063,0.1015645414590835,0.1040341630578041,0.1372977048158645,0.1366853266954422,0.2148739844560623,0.2087992131710052,0.3332541286945343,0.3716976046562194,0.3840155303478241,0.4045902192592621,0.405225932598114,0.4239071011543273,0.4010446667671204,0.4128695130348205,0.3951952159404754,0.4040892124176025,0.4885508120059967,0.4953795075416565,0.6868221163749695,0.7001379728317261,0.8580433130264281,0.892202854156494,0.8839130401611328,-0.3301714658737182,-0.4178474843502044,-0.5014626979827881,-0.417974978685379,-0.1124290078878402,-0.5014626979827881,-0.2694969773292541,-0.3816435933113097,0.142690822482109,-0.6101833581924438,0.3030999898910522,-0.6419009566307068,0.117632195353508,-0.6164000034332275,0.0710276514291763,-0.6976064443588257,-0.0104469377547502,-0.7151883244514465,0.0730566978454589,-0.6199207901954651,0.2036162912845611,-0.2033754140138626,0.3481875658035278,-0.1217103973031044,0.58704674243927,0.1583371609449386,0.5943609476089478,0.1668448746204376,0.3919502198696136,-0.13742096722126,5,1
0.4303406476974487,0.4164989590644837,0.4151045382022857,0.3910409212112426,0.3722324073314666,0.3447162806987762,0.6013842225074768,0.5485339760780334,0.6440128087997437,0.6371511816978456,0.6050460338592529,0.3941925764083862,0.2681901454925536,0.3773863017559052,0.2817628085613251,0.1174615249037742,0.0967717990279197,0.0961566418409347,0.0955359116196632,0.0979366675019264,0.1040193662047386,0.0978713929653167,0.1015599817037582,0.1040193662047386,0.1372992545366287,0.1367111504077911,0.2149068117141724,0.2084055691957473,0.3370193243026733,0.3728656768798828,0.4014520049095154,0.4219948351383208,0.4287829995155334,0.4442085623741149,0.4245180487632752,0.4325950741767883,0.4151473641395569,0.4236446917057037,0.4869662225246429,0.4925530850887298,0.6860800385475159,0.698531448841095,0.8573591113090515,0.8917202949523925,0.8828481435775757,-0.3256960213184356,-0.4114924669265747,-0.4999648332595824,-0.4116188883781432,-0.1126482784748077,-0.4999648332595824,-0.2702777683734894,-0.3818582892417908,0.1418604850769042,-0.6167082190513611,0.3175354301929474,-0.6600562334060669,0.1395120322704315,-0.6395860314369202,0.0952180549502372,-0.7213510870933533,0.0078054373152554,-0.7402021884918211,0.0928254649043083,-0.6439096927642822,0.2071995437145233,-0.2069877833127975,0.3064900636672973,-0.1751236021518707,0.5207671523094177,0.0484840609133243,0.5244581699371338,0.0516189634799957,0.3185718059539795,-0.2598041892051697,5,1
0.4308352172374725,0.4174791872501373,0.4159995317459105,0.3916062712669372,0.3724139630794524,0.3452204465866089,0.5966867208480834,0.5413013100624084,0.6352457404136658,0.6309926509857178,0.6000913977622986,0.3946614265441895,0.2678456902503967,0.3770565986633301,0.2817766964435577,0.1174822300672531,0.0969143584370613,0.0962926298379898,0.0956880301237106,0.0980299562215804,0.104052796959877,0.0979567021131515,0.10170928388834,0.104052796959877,0.1373149901628494,0.1367681622505188,0.2163953483104705,0.2089932858943939,0.3411575555801392,0.3770096004009247,0.4079192280769348,0.4296576976776123,0.4379032254219055,0.4534361362457275,0.4314008653163909,0.4407307505607605,0.4216550886631012,0.4326400756835937,0.4874672293663025,0.4925695061683655,0.6862921118736267,0.6986202597618103,0.8575700521469117,0.8920038342475891,0.8829030990600587,-0.3577889204025268,-0.4415763020515441,-0.5259729623794556,-0.4416938722133637,-0.1441318690776824,-0.5259729623794556,-0.3018231093883514,-0.4116902351379394,0.1176369339227676,-0.6396166086196899,0.2858301699161529,-0.6730611324310303,0.0849281102418899,-0.6403039693832396,0.0368884205818176,-0.7197532653808594,-0.0486777834594249,-0.741945207118988,0.0382678471505641,-0.6453999280929564,0.210260197520256,-0.2101287245750427,0.3254929780960083,-0.1642806679010391,0.5649031400680542,0.0800028145313263,0.5712093710899353,0.0864677727222442,0.3635877072811127,-0.2228417247533798,5,1
0.4315987825393677,0.4188580513000488,0.417387843132019,0.392350435256958,0.373423159122467,0.3460294008255005,0.594326376914978,0.5373460054397583,0.636452853679657,0.6299792528152466,0.5970470905303955,0.395338237285614,0.2676859200000763,0.3769460022449493,0.2817481160163879,0.1175437197089195,0.097308725118637,0.0966604948043823,0.0960644707083702,0.0983330085873603,0.1041822806000709,0.0982372611761093,0.1019854098558426,0.1041822806000709,0.1373128592967987,0.1367807686328888,0.2169989794492721,0.2095320224761963,0.3431360125541687,0.3787333369255065,0.4132636487483977,0.4330405294895172,0.4426781237125397,0.4557319283485412,0.4371019005775452,0.4428593218326568,0.4263246953487396,0.4353475570678711,0.4876397550106048,0.4925214648246764,0.6864277720451354,0.6985633969306946,0.8576377034187315,0.8920976519584655,0.8829681277275084,-0.3772663176059722,-0.4608816802501678,-0.5436404943466187,-0.4609945416450501,-0.1621841639280319,-0.5436404943466187,-0.3200912177562713,-0.4298933148384094,0.1043040677905082,-0.6549652218818665,0.2773675620555877,-0.6879240870475769,0.0873172357678413,-0.6579135656356812,0.0409381389617919,-0.7381156086921693,-0.0448450818657875,-0.7619014382362365,0.0414333306252956,-0.6635104417800903,0.2126576304435729,-0.2125999629497528,0.334613561630249,-0.1622276753187179,0.581501841545105,0.0889328718185424,0.5885522365570068,0.0959431976079941,0.3822647631168365,-0.2137507051229477,5,1
0.4320832192897796,0.4200391471385956,0.4187001585960388,0.3928703367710113,0.3749575614929199,0.3466188609600067,0.592915415763855,0.5361014604568481,0.6316198110580444,0.6264159679412842,0.5902405381202698,0.3954372704029083,0.2675789594650268,0.376933753490448,0.2812438607215881,0.1177640929818153,0.0978668183088302,0.0972091108560561,0.0966281741857528,0.0987360551953315,0.1044411659240722,0.0986044257879257,0.1024215370416641,0.1044411659240722,0.1373682022094726,0.1368593573570251,0.2183268815279006,0.2099275887012481,0.3444002270698547,0.3792390525341033,0.4104117453098296,0.4295894205570221,0.4421768188476562,0.4523641467094421,0.4350395202636719,0.4408758580684662,0.4249432682991028,0.4326108992099761,0.4883458614349364,0.4925352036952973,0.6865818500518799,0.6986579895019531,0.8577256202697755,0.8922729492187501,0.8830395936965942,-0.3883506655693054,-0.4691144824028015,-0.5373267531394958,-0.4692173004150391,-0.1672316640615463,-0.5373267531394958,-0.3299595415592193,-0.4361105263233185,0.1001566126942634,-0.6456625461578369,0.2689087390899658,-0.6729262471199036,0.0669880360364914,-0.6351228356361389,0.018287293612957,-0.7121120095252991,-0.065384104847908,-0.7360425591468811,0.0213990546762943,-0.6405822038650513,0.2135032266378402,-0.2134809643030166,0.3426870703697204,-0.1583634614944458,0.5960401892662048,0.0933502614498138,0.6035405993461609,0.1003819778561592,0.3973065316677093,-0.2084415405988692,5,1
0.4344644844532013,0.4227115511894225,0.4214071929454803,0.3955454528331756,0.3774265348911285,0.3488759696483612,0.5919347405433655,0.5319514870643616,0.6297855973243712,0.6237802505493164,0.5898483991622925,0.3953205049037933,0.2675749659538269,0.3758860826492309,0.2814776599407196,0.1176947355270385,0.0978725031018257,0.0972114130854606,0.0966293290257454,0.0987417846918106,0.1044520959258079,0.0986044481396675,0.102432332932949,0.1044520959258079,0.1372231245040893,0.1368045657873153,0.2184812724590301,0.209936648607254,0.3440610468387604,0.3796813786029816,0.3988240361213684,0.4184961318969727,0.4250303208827973,0.4374132752418518,0.4167710244655608,0.4244351387023926,0.4072758257389068,0.415719598531723,0.48946613073349,0.4931612908840179,0.6866194009780884,0.6987110376358032,0.8577857017517091,0.8922578692436217,0.8830751180648804,-0.3763393461704254,-0.4577716290950775,-0.5251308679580688,-0.4578564167022704,-0.1502353847026824,-0.5251308679580688,-0.3179668486118316,-0.4248866736888885,0.1133893653750419,-0.6319195628166199,0.2818320691585541,-0.6513794660568237,0.0628182291984558,-0.6023268103599548,0.0113044325262308,-0.6775509119033812,-0.0736855119466781,-0.6995328068733215,0.016370614990592,-0.6069164872169496,0.2144817560911178,-0.2144583612680435,0.358504980802536,-0.1433918625116348,0.6042554378509521,0.1414379477500915,0.61601722240448,0.1514684110879898,0.4115411937236785,-0.1527808010578155,5,1
0.436366856098175,0.4243755340576172,0.42301207780838,0.3973478972911834,0.378950148820877,0.3506976962089538,0.5864635705947876,0.5298794507980347,0.6242805719375609,0.6219157576560974,0.5862009525299072,0.3950498700141906,0.2676558494567871,0.3745428323745728,0.2814801037311553,0.1176419705152511,0.0978665649890899,0.0972013920545577,0.0966157093644142,0.0987380370497703,0.1044541373848915,0.0985947847366333,0.1024305820465087,0.1044541373848915,0.1371086239814758,0.1367602199316024,0.2196840345859527,0.2097585201263428,0.3448813259601593,0.3795413672924042,0.4091783165931701,0.408494472503662,0.4314895570278168,0.4240958690643311,0.4106861054897308,0.4099181592464447,0.4013239443302154,0.4031448364257813,0.4921960234642029,0.4949321746826172,0.6872774362564087,0.6987708806991577,0.85786235332489,0.8922566175460814,0.8830334544181823,-0.3682175576686859,-0.4496444165706634,-0.5219419598579407,-0.4497461020946503,-0.1413072347640991,-0.5219419598579407,-0.3097463250160217,-0.416559487581253,0.1206834763288498,-0.6246702075004578,0.284489780664444,-0.6399977207183838,0.0555852614343166,-0.5742408037185669,0.0015474443789571,-0.6470584273338318,-0.0817767083644867,-0.6630528569221497,0.0090500358492136,-0.5758847594261169,0.214361235499382,-0.2143374383449554,0.3727126121520996,-0.1263842731714248,0.62773197889328,0.1706627607345581,0.6366645693778992,0.1826008707284927,0.425174742937088,-0.1214949637651443,5,1
0.4380075335502625,0.4258307218551636,0.4244227409362793,0.3988148570060729,0.380305916070938,0.3524966537952423,0.5635085105895996,0.5296157598495483,0.5936598181724548,0.5879338979721069,0.5839018821716309,0.3949753940105438,0.2680681049823761,0.3743832409381865,0.281514048576355,0.1176362186670303,0.0978774204850196,0.0972072258591652,0.0966189354658126,0.0987559035420417,0.1045148596167564,0.09861321747303,0.1024322062730789,0.1045148596167564,0.1370582580566406,0.1367533504962921,0.2209238708019256,0.20974962413311,0.3472633957862854,0.3792242407798767,0.4101159572601318,0.4036813676357269,0.4315739572048187,0.4172496199607848,0.4167143702507019,0.4026905000209808,0.408552348613739,0.3969166874885559,0.4935561716556549,0.4957048296928406,0.6882694959640503,0.6988227963447571,0.8582645654678344,0.8921491503715515,0.8832327127456666,-0.368457019329071,-0.4486003518104552,-0.5209713578224182,-0.448755383491516,-0.1392325013875961,-0.5209713578224182,-0.3094173669815063,-0.414594441652298,0.122661642730236,-0.620604395866394,0.2798020541667938,-0.6307635307312012,0.035750389099121,-0.5453237295150757,-0.0231518317013978,-0.6147911548614502,-0.1009723097085952,-0.62806236743927,-0.0093882530927658,-0.5447673201560974,0.2140843570232391,-0.2140247374773025,0.3766977488994598,-0.1163415387272834,0.6444551944732666,0.1967663019895553,0.6535200476646423,0.2111133635044097,0.4307848513126373,-0.0972067639231681,5,1
0.4390950202941895,0.4266445636749268,0.4251494407653808,0.3997520804405213,0.3808909654617309,0.3535565435886383,0.5684080123901367,0.5289663672447205,0.611162006855011,0.5887206792831421,0.5843982100486755,0.3953939974308013,0.2688420712947845,0.3737417459487915,0.2837025821208954,0.1175889149308204,0.0978554189205169,0.0971787348389625,0.0965852215886116,0.0987495109438896,0.1045171171426773,0.0986091792583465,0.1023910418152809,0.1045171171426773,0.136990338563919,0.13673797249794,0.2210820466279983,0.2097093164920807,0.3495526015758514,0.3791199326515198,0.4019038081169128,0.4015633463859558,0.4228618741035461,0.4149711728096008,0.4101679921150208,0.4001038074493408,0.4091741144657135,0.3945857584476471,0.4934966564178466,0.4955297410488128,0.6888266801834105,0.6988114714622498,0.8593137860298157,0.8920570611953734,0.8846626281738281,-0.3703426718711853,-0.4502677619457245,-0.5163726806640625,-0.4504092633724212,-0.1411346495151519,-0.5163726806640625,-0.3117470145225525,-0.4166035950183869,0.1198405027389526,-0.6184937357902527,0.2865673005580902,-0.6421142816543579,0.0626014396548271,-0.5954455733299255,0.009146093390882,-0.671530544757843,-0.0732544586062431,-0.6820486187934875,0.0162493698298931,-0.5952644944190979,0.2130013853311538,-0.2129227519035339,0.3626644909381865,-0.1187271997332572,0.6232947707176208,0.1833347976207733,0.6307298541069031,0.1961057037115096,0.4055683612823486,-0.1079411506652832,5,1
0.4399334490299225,0.4273619055747986,0.4257884621620177,0.4005677998065949,0.3813560009002685,0.3543905913829803,0.5689548850059509,0.528381884098053,0.6103887557983398,0.5898094773292542,0.5832862854003905,0.3954043984413146,0.2700977623462677,0.3723804354667664,0.2854393720626831,0.1176526099443435,0.0978992581367492,0.0972190052270889,0.0966266691684722,0.0988021492958068,0.1046712547540664,0.0986776202917099,0.1024623066186904,0.1046712547540664,0.1370527446269989,0.1368319541215896,0.2213485985994338,0.2097026109695434,0.3511749804019928,0.3790284991264343,0.4093092381954192,0.4007255434989928,0.4295019507408142,0.4146119058132172,0.4173545241355896,0.399452120065689,0.4118358194828033,0.3939611017704009,0.4943283200263977,0.4961916506290436,0.6901448369026184,0.6989862322807312,0.8616973161697388,0.8920769691467285,0.887107014656067,-0.3665998578071593,-0.4475884437561035,-0.5140519738197327,-0.4477278292179108,-0.1379804015159607,-0.5140519738197327,-0.3078850209712982,-0.4141999185085296,0.1232534721493721,-0.6203633546829224,0.2989586591720581,-0.6607685685157776,0.0788347423076629,-0.6270436644554137,0.0270505007356405,-0.7056975960731505,-0.0562717579305172,-0.7167123556137085,0.0320553742349147,-0.6273038387298584,0.2130771428346633,-0.212999477982521,0.3596630096435547,-0.1233075335621833,0.6195301413536072,0.1764712780714035,0.6268582940101624,0.1885443180799484,0.4018900990486145,-0.1136295869946479,5,1
0.4400858283042908,0.4274954497814177,0.4258340299129486,0.4011543393135071,0.3813293874263763,0.354846179485321,0.5688391923904419,0.519411027431488,0.6087124943733215,0.5911826491355896,0.5756852030754088,0.3954953551292419,0.2710303366184234,0.3720682263374328,0.2863090932369232,0.1182398051023483,0.0982994809746742,0.097599871456623,0.0970000997185707,0.0991700440645217,0.1048501953482627,0.0989969447255134,0.1027029752731323,0.1048501953482627,0.1374371647834777,0.1371350437402725,0.2210499346256256,0.2096984386444092,0.3456948101520538,0.3783005774021148,0.4038883149623871,0.3998570442199707,0.4413702487945556,0.4161932468414306,0.4189266264438628,0.4025439321994781,0.4085106849670409,0.395558625459671,0.4943991601467132,0.4961867332458496,0.6902630925178528,0.6990206241607666,0.8630124926567077,0.8923752903938292,0.8881867527961731,-0.3644313514232635,-0.4471908509731293,-0.5237268209457396,-0.4473313093185425,-0.133164495229721,-0.5237268209457396,-0.3064953088760376,-0.413706511259079,0.1398413181304931,-0.6402715444564819,0.3281200528144836,-0.67751944065094,0.1008173003792762,-0.6125844120979309,0.0516425967216491,-0.6870565414428711,-0.0329678915441036,-0.7056532502174377,0.0540227368474006,-0.6139549016952515,0.2232347428798675,-0.2232100963592528,0.3598096072673797,-0.1411630809307098,0.6198983788490297,0.1657854467630386,0.6278666257858276,0.1783419698476791,0.4087155759334564,-0.1360168159008026,5,1
0.4401849508285521,0.4275270104408264,0.4258238971233368,0.4015178680419922,0.3813064992427825,0.3550719320774078,0.5637068748474121,0.5191671848297119,0.595161497592926,0.5831096172332764,0.5741576552391052,0.3956533968448639,0.2713012099266052,0.3720451891422272,0.2872695326805115,0.1183843463659286,0.0983446091413497,0.0976409837603568,0.0970371291041374,0.0992277562618255,0.1048828139901161,0.0990534722805023,0.1027222275733947,0.1048828139901161,0.1375958621501922,0.1373040974140167,0.221029669046402,0.2097069323062896,0.3440260887145996,0.3779747784137726,0.4006828665733337,0.3992255330085754,0.4357705712318421,0.4153093695640564,0.4130007326602936,0.401160567998886,0.4123561978340149,0.3944656252861023,0.4945833086967468,0.496370941400528,0.6904534697532654,0.6991097927093506,0.8633138537406921,0.8925374150276184,0.8883736729621886,-0.3592566549777984,-0.4447408020496368,-0.5211740136146545,-0.4449037909507752,-0.1264140605926513,-0.5211740136146545,-0.301255702972412,-0.4121496379375458,0.1431085765361786,-0.6354523301124573,0.3200821280479431,-0.6643854975700377,0.0824428871273994,-0.5891950130462646,0.0298303365707397,-0.6613777279853821,-0.0521217286586761,-0.6784228086471558,0.0360397510230541,-0.5899353623390198,0.2224731594324112,-0.2224451303482056,0.3604006171226501,-0.1398061662912368,0.6213659048080444,0.1657200902700424,0.6287410855293274,0.1780901998281479,0.4125612378120422,-0.1359622627496719,5,1
0.4402426481246948,0.427507609128952,0.4257738292217255,0.4015053510665893,0.3812872171401977,0.3550601005554199,0.561937153339386,0.5227187871932983,0.5907095074653625,0.5809687972068787,0.5757415294647217,0.3957208096981048,0.2714233100414276,0.3721101880073547,0.2888887524604797,0.1183289065957069,0.0983049720525741,0.0976038053631782,0.096999742090702,0.0992214828729629,0.10502190887928,0.0990578904747962,0.1027247756719589,0.10502190887928,0.137591928243637,0.137311577796936,0.2210303097963332,0.210522323846817,0.3443431258201599,0.3781780600547791,0.4003117084503174,0.3921963572502136,0.4303094744682312,0.400604784488678,0.4099580645561217,0.3853697478771209,0.40885192155838,0.3820800185203552,0.4950715601444244,0.4974562227725983,0.6913946866989136,0.6998172402381897,0.8635803461074829,0.8926433324813842,0.8885890841484071,-0.3586187660694122,-0.4445258975028992,-0.5002050399780273,-0.4447380602359772,-0.126260757446289,-0.5002050399780273,-0.3003972768783569,-0.4110393226146697,0.1423020213842392,-0.6149061918258666,0.309609055519104,-0.616944432258606,0.0679647624492645,-0.5144560933113098,0.0116179483011364,-0.5799631476402283,-0.065211184322834,-0.5906330347061157,0.0234730262309312,-0.5113204717636108,0.2191461622714996,-0.2189927995204925,0.360582023859024,-0.132610484957695,0.6230623126029968,0.1709944456815719,0.6308887004852295,0.1839212030172348,0.4148602485656738,-0.1263526231050491,5,1
0.4407195150852203,0.4274819791316985,0.4256978631019592,0.4014944732189177,0.3811306953430176,0.3550487160682678,0.662902295589447,0.5572812557220458,0.6735600233078003,0.6704684495925903,0.6318353414535521,0.3960526287555695,0.2725679576396942,0.3718650341033936,0.2913912534713744,0.1175832971930503,0.0978975892066955,0.0972285419702529,0.0966385155916214,0.0989373475313186,0.1050234287977218,0.0988659709692001,0.1026457697153091,0.1050234287977218,0.1371069848537445,0.137022465467453,0.2210063189268112,0.2122883796691894,0.3446432650089264,0.3792891502380371,0.3468294441699981,0.3781339526176452,0.331319123506546,0.3746190667152405,0.3123160600662231,0.3543279767036437,0.3139211535453796,0.349111258983612,0.496528685092926,0.4994548857212066,0.6918632984161377,0.7001738548278809,0.8650849461555482,0.8933274149894713,0.890219807624817,-0.3680536150932312,-0.4491012990474701,-0.4993933737277984,-0.4493180513381958,-0.1364474892616272,-0.4993933737277984,-0.309555172920227,-0.4139810800552368,0.1401776671409607,-0.6128093004226685,0.2625751197338104,-0.6194103360176086,-0.048976182937622,-0.5300942659378052,-0.1158994659781456,-0.594806432723999,-0.1743284314870834,-0.5954514145851135,-0.0904844626784324,-0.5199939012527466,0.2135286927223205,-0.213247999548912,0.3533975183963776,-0.1324475258588791,0.6097807884216309,0.1683053374290466,0.6171896457672119,0.181180864572525,0.3962165117263793,-0.1330039203166961,5,1
0.4411793947219848,0.4274292886257172,0.4255543053150177,0.4015859067440033,0.3808375597000121,0.3550410866737366,0.6535548567771912,0.5571511387825012,0.6675635576248169,0.6800394654273987,0.6180372834205627,0.3958382904529572,0.2731544375419616,0.3703000843524933,0.2929272353649139,0.1168237477540969,0.0970761850476264,0.0963548272848129,0.0956923067569732,0.0983642637729644,0.1049285903573036,0.0983702763915062,0.1021753102540969,0.1049285903573036,0.1365336030721664,0.1366819441318512,0.2209799587726592,0.2133587300777435,0.3436904251575469,0.3808720707893372,0.3174524903297424,0.3604000210762024,0.2803165316581726,0.3494970202445984,0.2918456792831421,0.3296795189380646,0.2932281792163849,0.331746757030487,0.4976837635040283,0.5010669231414795,0.6932342648506165,0.7013285160064697,0.8670565485954285,0.8944066166877745,0.8925196528434753,-0.3699598014354706,-0.4555971324443816,-0.5123764276504517,-0.4558046162128448,-0.1360788941383361,-0.5123764276504517,-0.3087976872920989,-0.4177296459674835,0.1597237884998321,-0.6252923607826233,0.1115806400775909,-0.6062037348747252,-0.4346586465835571,-0.367040365934372,-0.5334153175354004,-0.401713728904724,-0.5636745095252991,-0.4019715487957001,-0.4730264842510223,-0.3522923588752746,0.2180890887975692,-0.217836171388626,0.4335788190364837,-0.0972357466816902,0.7567769289016724,0.2264148443937301,0.7727142572402954,0.245188221335411,0.5598888993263245,-0.060752909630537,5,1
0.4408223330974578,0.426335871219635,0.4245306551456451,0.4010934531688689,0.3805736005306244,0.3541010916233063,0.652656614780426,0.5219569802284241,0.6591951251029968,0.6611629724502563,0.5459986925125122,0.3951597809791565,0.2731636762619018,0.3700622022151947,0.2927592396736145,0.1163150295615196,0.0968082398176193,0.0961526781320572,0.0955205112695694,0.0979461595416068,0.1042940840125084,0.0977554842829704,0.1018620580434799,0.1042940840125084,0.1360571086406707,0.136057049036026,0.2207557260990142,0.2133329659700393,0.3425343632698059,0.3808427453041076,0.2817679941654205,0.3252716362476349,0.2582560181617737,0.30837681889534,0.2478973865509033,0.2857561707496643,0.2542575299739837,0.2902521193027496,0.4971190094947815,0.5008655786514281,0.6940685510635376,0.702364444732666,0.8701155781745911,0.8965781927108765,0.8955809473991394,-0.3129400610923767,-0.409736305475235,-0.4873463213443756,-0.4098927080631256,-0.0578447021543979,-0.4873463213443756,-0.246777594089508,-0.3710493445396423,0.2458260059356689,-0.5869277715682983,0.0621451921761035,-0.5157299637794496,-0.6469757556915283,-0.1714076548814773,-0.7585901021957396,-0.1784880459308624,-0.7583730220794677,-0.1836592406034469,-0.6766400933265686,-0.1541043668985366,0.2239930629730225,-0.2239347845315932,0.4683829545974731,-0.0997804552316665,0.8104981184005737,0.189095452427864,0.8299189209938049,0.2053771317005157,0.6285261511802673,-0.0824098140001297,5,1
0.4405130743980408,0.4257209897041321,0.4239527285099029,0.4008849263191223,0.3803615272045136,0.3535904288291931,0.6002893447875977,0.4762213528156281,0.6255489587783812,0.5976133346557617,0.4921403229236602,0.3936420977115631,0.2731673717498779,0.3700080811977385,0.2927119731903076,0.1157060042023658,0.0965233072638511,0.0959406271576881,0.0953613743185997,0.0975387766957283,0.1033866629004478,0.0972222983837127,0.1014286652207374,0.1033866629004478,0.1352352052927017,0.1350564062595367,0.2193309366703033,0.2130475789308548,0.3429895043373108,0.3807691633701325,0.2752242982387543,0.3061383962631225,0.248349905014038,0.2823450863361358,0.2333448380231857,0.2621080577373504,0.2424080371856689,0.2695480585098266,0.4933946132659912,0.4977569580078125,0.6942673325538635,0.7027990818023682,0.8713076710700989,0.8977665901184082,0.896546959877014,-0.2301306873559952,-0.3327661454677582,-0.4418787658214568,-0.332855224609375,0.0172379221767187,-0.4418787658214568,-0.166328489780426,-0.2991282045841217,0.3085502088069916,-0.5428009629249573,0.099730409681797,-0.4708702862262726,-0.603440523147583,-0.111390508711338,-0.71388179063797,-0.1124556437134742,-0.7057300806045532,-0.1205232068896293,-0.6292369961738585,-0.0946645438671112,0.2280842661857604,-0.2280953675508499,0.451124370098114,-0.1274426132440567,0.7758706212043761,0.0720683857798576,0.7935178875923156,0.079152688384056,0.593982458114624,-0.2178549617528915,5,1
0.4397983253002167,0.4246751070022583,0.4229025244712829,0.4003473818302154,0.3798263669013977,0.3523290753364563,0.561268150806427,0.4613429605960845,0.5906680822372437,0.5577858090400696,0.4748733639717102,0.3929944038391113,0.2731959223747253,0.3700770139694214,0.2922852635383605,0.1153182759881019,0.0962393209338188,0.095693826675415,0.0951424241065979,0.0971914529800415,0.1025719791650772,0.096809834241867,0.1008467450737953,0.1025719791650772,0.1347346007823944,0.1345051079988479,0.2166363298892974,0.2121675312519073,0.3435415625572204,0.3805410563945769,0.2783883512020111,0.29734668135643,0.2514873147010803,0.2710191011428833,0.2368319034576416,0.2518019080162048,0.2438084781169891,0.260376513004303,0.4919694364070892,0.4962040483951568,0.6945549249649048,0.7031136751174927,0.871839702129364,0.8979940414428712,0.8968777656555175,-0.2374071329832076,-0.3355321288108825,-0.4308514893054961,-0.3356845378875732,0.0098839849233627,-0.4308514893054961,-0.1716363430023193,-0.2987910211086272,0.2975396811962128,-0.5191353559494019,0.0634628310799598,-0.4167124927043914,-0.668890118598938,-0.0175713542848825,-0.7759864926338195,-0.0054569356143474,-0.7578554749488831,-0.0178591515868902,-0.6906999349594116,-0.0011427025310695,0.2274269312620162,-0.2274308800697326,0.4495053291320801,-0.123138204216957,0.7779209613800048,0.1000826433300972,0.7961283922195433,0.1096627637743949,0.5883169174194336,-0.1921690851449966,5,1
0.4374831616878509,0.4224777519702911,0.4209363162517548,0.3975279927253723,0.3786585927009583,0.348617672920227,0.5382516384124756,0.4554147422313689,0.5486592054367065,0.5165760517120361,0.4667886495590209,0.3922154605388641,0.2731801271438598,0.3702335357666016,0.2918103039264679,0.1150902509689331,0.0960023924708366,0.0954759195446968,0.0949422419071197,0.0969194322824478,0.1022558584809303,0.0965307280421257,0.100507378578186,0.1022558584809303,0.1343709826469421,0.1340625286102295,0.2158379554748535,0.2109265625476837,0.3449758887290954,0.3804832398891449,0.2733237743377685,0.2948170006275177,0.2447306364774704,0.2686679363250732,0.2286644876003265,0.2511332631111145,0.238021969795227,0.2581657171249389,0.49165740609169,0.4957580566406249,0.694684624671936,0.7031098604202272,0.8721046447753905,0.8979487419128419,0.8969900012016296,-0.2584919929504394,-0.3529350757598877,-0.4351911246776581,-0.3530738949775696,-0.010407336987555,-0.4351911246776581,-0.1915757060050964,-0.31417116522789,0.2759731113910675,-0.5104240775108337,0.0128569854423403,-0.3843099772930144,-0.7387040853500366,0.0220780037343502,-0.8477192521095277,0.0361674651503562,-0.8102325201034547,0.0173686128109693,-0.7514827251434326,0.0365023389458656,0.2245356738567352,-0.22475765645504,0.4605482220649719,-0.0923863425850868,0.8016274571418761,0.1425564736127853,0.8230881690979005,0.1559358239173889,0.6192083954811096,-0.1402551084756851,5,1
0.4340129494667052,0.4185435771942138,0.41739422082901,0.3914093971252441,0.3769656717777252,0.3431844413280487,0.5169211626052856,0.4489794969558716,0.5017423629760742,0.4761252105236053,0.4563873708248138,0.3922184109687804,0.273110032081604,0.3708876371383666,0.2903262078762054,0.1146670952439308,0.0956760123372078,0.0951839536428451,0.0946759805083274,0.0965423732995987,0.102232776582241,0.0962892323732376,0.1003167256712913,0.102232776582241,0.1340032964944839,0.1336233168840408,0.2155073583126068,0.2107855528593063,0.3423380255699157,0.3801769614219665,0.2688644230365752,0.2926510870456695,0.2434561550617218,0.2660512328147888,0.2274995595216751,0.2503540813922882,0.2350022345781326,0.2572278976440429,0.4907223284244537,0.4948628842830657,0.6943456530570984,0.7026253938674927,0.8719805479049682,0.8972972631454467,0.8968771696090697,-0.2551660239696502,-0.3449678122997284,-0.4061910808086395,-0.3451071977615356,-0.0057058837264776,-0.4061910808086395,-0.1880289316177368,-0.3042838275432586,0.26813006401062,-0.4703762829303741,-0.014545576646924,-0.3256936371326446,-0.7560218572616577,0.0994240567088127,-0.8634460568428038,0.1178014129400253,-0.8058562278747559,0.0919502601027488,-0.7582455277442931,0.1115415394306182,0.2133180797100067,-0.2137543559074401,0.4410167634487152,-0.0776972398161888,0.7765631079673766,0.1586317420005798,0.8084006309509277,0.172024518251419,0.6057437658309937,-0.127301350235939,5,1
0.4305867850780487,0.4150802493095397,0.4139173626899719,0.3877255320549011,0.3741772174835204,0.3396283388137817,0.51019686460495,0.444044291973114,0.4889737069606781,0.4669625163078308,0.4534173607826233,0.3929020464420319,0.2732039391994476,0.3717637658119201,0.2901665568351745,0.1146584525704383,0.0956413596868515,0.09515231102705,0.0946503281593322,0.0965183600783348,0.1023619920015335,0.0962896794080734,0.1003162488341331,0.1023619920015335,0.1339056491851806,0.1334876716136932,0.2142988443374633,0.2103234231472015,0.3374859690666199,0.3780324459075928,0.2653795480728149,0.2950108647346496,0.2424967288970947,0.2688563168048858,0.2284952104091644,0.2532261908054352,0.2347608804702758,0.2598545551300049,0.4880921840667724,0.4926177561283112,0.6943131685256958,0.7022057771682739,0.872398853302002,0.8966881632804871,0.8971134424209594,-0.1990220248699188,-0.2872186303138733,-0.3429258465766907,-0.2873874306678772,0.0509010590612888,-0.3429258465766907,-0.134707361459732,-0.2488857954740524,0.3064334392547607,-0.4135654866695404,0.0095770461484789,-0.2872298061847687,-0.7185189127922058,0.1418743878602981,-0.8242936134338379,0.1660392880439758,-0.7586959600448608,0.1425868570804596,-0.7163434624671936,0.156253769993782,0.2047932296991348,-0.2052458226680756,0.3334454596042633,-0.0960897430777549,0.5931095480918884,0.0999447628855705,0.6084010601043701,0.1082206964492797,0.3969527781009673,-0.1911213099956512,5,1
0.4288591742515564,0.4130174815654754,0.4117209017276764,0.3859985470771789,0.3722417056560516,0.338281512260437,0.5052558183670044,0.4392619132995605,0.4854779541492462,0.4611197710037232,0.4502072930335999,0.3930442929267883,0.2735650837421416,0.3719700276851654,0.2906879782676697,0.1146139353513717,0.0955274477601051,0.0950378179550171,0.0945391282439231,0.0964231342077255,0.1023708432912826,0.0962333679199218,0.1002633422613144,0.1023708432912826,0.1337433755397796,0.1332715451717376,0.212970420718193,0.209669068455696,0.3324051201343536,0.3778371214866638,0.2621403336524963,0.2947178184986114,0.2409603893756866,0.267408549785614,0.2270801812410354,0.2517457604408264,0.2325260937213897,0.2584025859832764,0.4880899488925934,0.4925610423088074,0.6943112015724182,0.7021582722663879,0.8723646998405457,0.8962920904159546,0.8970173001289367,-0.2155746519565582,-0.3038944602012634,-0.3611744046211242,-0.3040481209754944,0.0343185625970363,-0.3611744046211242,-0.1503622829914093,-0.2648400068283081,0.295295923948288,-0.4294682443141936,0.0113080292940139,-0.3133261203765868,-0.7121793031692505,0.098409242928028,-0.8196690082550048,0.1177632436156272,-0.7561799883842467,0.0946578904986381,-0.7103471755981445,0.1125843822956085,0.2042868733406067,-0.2047029733657837,0.357239305973053,-0.0954010561108589,0.6395248770713806,0.1109567210078239,0.6548492312431335,0.1205937415361404,0.4404573142528533,-0.1811367720365524,5,1
0.4276754558086395,0.4115059673786163,0.4101816415786743,0.3848941028118133,0.3711811900138855,0.33773934841156,0.500873863697052,0.4333708882331848,0.4881409108638763,0.4644894599914551,0.4430703520774841,0.3936304450035095,0.273703783750534,0.3728587627410888,0.2907281517982483,0.1142887249588966,0.0950946807861328,0.0946267992258072,0.0941455587744712,0.0959436818957329,0.1020271554589271,0.0957428887486457,0.0999934822320938,0.1020271554589271,0.1333435326814651,0.1327545642852783,0.2129422724246978,0.2086594849824905,0.335917979478836,0.377718061208725,0.2654440701007843,0.2900723218917846,0.240519568324089,0.2621920406818389,0.2263950109481811,0.246492177248001,0.2322552651166916,0.253069669008255,0.4879718422889709,0.4923486113548279,0.6941245794296265,0.7020376324653625,0.8722842335700989,0.8958319425582885,0.8969308137893677,-0.2091120332479477,-0.297240674495697,-0.3621482849121094,-0.297391802072525,0.0341723598539829,-0.3621482849121094,-0.1441183686256408,-0.258774846792221,0.2932344079017639,-0.4199047982692719,0.0231984928250312,-0.2973782122135162,-0.6856393218040465,0.1101651191711425,-0.7892010807991027,0.1341195106506347,-0.7289329767227172,0.1118193939328193,-0.6847002506256104,0.1243351697921752,0.1988228112459182,-0.1992046535015106,0.3609885275363921,-0.0913519039750099,0.6677245497703552,0.1160625666379928,0.6896111965179443,0.1260216683149337,0.4907966554164886,-0.174793928861618,5,1
0.425552636384964,0.4089360535144805,0.4076142311096192,0.3823073506355285,0.369379848241806,0.3359600305557251,0.4943809509277344,0.4289695024490357,0.4826604723930359,0.4591448009014129,0.4360826313495636,0.3936962485313416,0.2732543051242828,0.3743440806865692,0.2903573215007781,0.1141089648008346,0.0948154181241989,0.0943516343832016,0.0938722640275955,0.0956387221813201,0.1019233912229538,0.0954665467143058,0.0998080447316169,0.1019233912229538,0.1330739706754684,0.132452517747879,0.2129749953746796,0.2086626291275024,0.3379877805709839,0.3781202435493468,0.2631241083145141,0.2854128777980804,0.2368768751621246,0.2567953467369079,0.2233146131038665,0.2415801733732223,0.2285572290420532,0.2478186339139938,0.487884134054184,0.4923466145992279,0.6933845281600952,0.7020226120948792,0.8713425397872925,0.8955488204956055,0.8959449529647827,-0.2118973582983016,-0.2976042330265044,-0.3500910997390747,-0.2977733016014099,0.0335169620811939,-0.3500910997390747,-0.1472225487232208,-0.258542388677597,0.2871491611003876,-0.3983508348464966,0.0037608831189572,-0.2883465886116028,-0.7050849199295044,0.0964920595288276,-0.8100613951683043,0.1191745772957801,-0.7443326115608214,0.0986427441239357,-0.7019266486167908,0.1104324907064437,0.1903984248638152,-0.190742626786232,0.3934353590011596,-0.0922573432326316,0.7551911473274232,0.0996528640389442,0.7807727456092833,0.1069588735699653,0.5782406330108643,-0.2022669464349746,5,1
0.4241451621055603,0.4072172939777374,0.4058564603328705,0.3805837035179137,0.367669939994812,0.3340494930744171,0.4902673065662384,0.4216917753219605,0.472236305475235,0.4521653056144714,0.4263763725757599,0.3938632011413574,0.2731930911540984,0.3747356832027435,0.2900591492652893,0.1136108636856079,0.0943527817726135,0.0939439088106155,0.0935228690505027,0.0950870588421821,0.1017746329307556,0.0949829518795013,0.0995904058218002,0.1017746329307556,0.1325408667325973,0.1319210976362228,0.2131528556346893,0.2086655795574188,0.3381208777427673,0.3787478804588318,0.259610116481781,0.2816459536552428,0.2293527871370315,0.2514145970344543,0.2173713445663452,0.2379363775253296,0.2246181517839432,0.2445432394742965,0.4879423081874848,0.4923635125160217,0.693215012550354,0.7020751237869263,0.8708667755126953,0.8955086469650269,0.8955837488174438,-0.2188354134559631,-0.3049787878990173,-0.3499184846878052,-0.3051442801952362,0.034193992614746,-0.3499184846878052,-0.1535926312208175,-0.2651771605014801,0.2856233716011047,-0.4061565101146697,-0.0376095511019229,-0.3111227750778198,-0.7853849530220031,0.0805459916591644,-0.8978588581085205,0.101191945374012,-0.8247873187065123,0.0808140933513641,-0.780897617340088,0.0944428220391273,0.1903848648071288,-0.190722718834877,0.4139560163021088,-0.0946152657270431,0.7783372402191162,0.0909300670027732,0.8033910989761353,0.0974546819925308,0.5969533324241638,-0.219476044178009,5,1
0.4212981760501861,0.4051233530044556,0.4040199220180512,0.3777852654457092,0.3670058846473694,0.3307204246520996,0.4927975833415984,0.4150775969028473,0.4789646863937377,0.4608707427978516,0.41577410697937,0.3949702382087708,0.2732941210269928,0.3759977221488952,0.2900346219539642,0.1135679855942726,0.0943209156394004,0.0939285606145858,0.0935198813676834,0.0950128734111785,0.1017864942550659,0.0949152261018752,0.0996583849191665,0.1017864942550659,0.1325239688158035,0.1318508088588714,0.2143266648054123,0.2086700201034545,0.3472047448158264,0.3786284923553466,0.2625413239002228,0.2777889370918273,0.2341736108064651,0.2475394904613495,0.2216061353683472,0.2339980155229568,0.2279624491930008,0.2408162355422973,0.4876236021518707,0.4922836422920227,0.6930087804794312,0.702017307281494,0.8708394765853882,0.8954988718032837,0.8957651853561401,-0.2242204844951629,-0.310675710439682,-0.3606028556823729,-0.3108372688293457,0.0286305714398622,-0.3606028556823729,-0.1590190827846527,-0.2705999910831451,0.2853931486606597,-0.4093539416790008,-0.02081248909235,-0.2951823472976684,-0.7298969626426696,0.0786299780011176,-0.8359535932540892,0.0981314331293106,-0.7704837322235107,0.0696861445903778,-0.7271554470062256,0.0875299051403999,0.1881305128335952,-0.1884835958480834,0.4231281280517577,-0.0898571833968162,0.7726091146469117,0.0968038961291313,0.7961485981941222,0.1047884970903396,0.5940864086151123,-0.2096118032932281,5,1
0.4197501242160796,0.4038131237030029,0.4028039276599884,0.3761967122554779,0.3664647936820984,0.3290680348873138,0.4915841519832611,0.4164015054702759,0.4749971628189087,0.4576915204524993,0.4162255525588988,0.3960614502429961,0.273561954498291,0.3771641254425049,0.2900159358978271,0.1135429590940475,0.0943112075328826,0.0939257815480232,0.0935184806585312,0.0949882566928863,0.1018401384353637,0.0949025899171829,0.0997361838817596,0.1018401384353637,0.1325112432241439,0.1318183988332748,0.2147963345050812,0.2086847722530364,0.3475026488304138,0.3784072101116181,0.2615398168563843,0.2773036658763885,0.2330334186553955,0.2478353679180144,0.2214271277189254,0.2338019162416458,0.2273938655853271,0.24054154753685,0.4875889420509338,0.4922969937324524,0.6930814981460571,0.702042281627655,0.8710142374038696,0.8954909443855285,0.8964263200759887,-0.2237829566001892,-0.3088570833206177,-0.3593486845493316,-0.3090032935142516,0.0242816153913736,-0.3593486845493316,-0.1583170294761657,-0.2683686912059784,0.2822681963443756,-0.4076249003410339,-0.0087556848302483,-0.2902941405773163,-0.7016571164131165,0.0988674163818359,-0.8058941960334778,0.1210522204637527,-0.7443295121192931,0.0906856879591941,-0.6986122727394104,0.107617825269699,0.1883357316255569,-0.1886836439371108,0.4218593537807464,-0.0905851125717163,0.7617946267127991,0.0976403057575225,0.7839612960815429,0.1054119020700454,0.5828455686569214,-0.2017548233270645,5,1
0.4190352857112885,0.4031809568405151,0.4022238552570343,0.3753478527069092,0.3661588132381439,0.3282311260700226,0.4919828772544861,0.4169061481952667,0.4757548570632935,0.4582630693912505,0.4163309633731841,0.3960409462451935,0.2735447287559508,0.3773058950901032,0.2899096608161926,0.1132976561784744,0.0942010357975959,0.0938441455364227,0.093466117978096,0.0948474258184433,0.101852610707283,0.0948212891817092,0.0997378230094909,0.101852610707283,0.1324135512113571,0.1317154467105865,0.214814618229866,0.2087029218673706,0.3473141193389892,0.378531277179718,0.2605791091918945,0.27817565202713,0.232573002576828,0.2490410357713699,0.2213416993618011,0.2348523437976837,0.2271649837493896,0.2415701448917389,0.48759326338768,0.4923000335693359,0.6930255889892578,0.7020413279533385,0.8711932897567749,0.8956801295280457,0.8967000246047973,-0.2257256358861923,-0.3105604946613312,-0.3586037158966064,-0.310696929693222,0.0217183548957109,-0.3586037158966064,-0.1602791398763656,-0.2700489163398742,0.2805148065090179,-0.4043741822242737,-0.0045590917579829,-0.296310156583786,-0.6952639818191528,0.0733609795570373,-0.8004199266433715,0.0901066660881042,-0.7352734804153441,0.0625819638371467,-0.691194713115692,0.0827115923166275,0.1885532438755035,-0.1888847202062606,0.421653538942337,-0.093579389154911,0.757499098777771,0.0859411135315895,0.7786617875099182,0.0921871960163116,0.5755272507667542,-0.213027685880661,5,1
0.4188092947006225,0.4030962288379668,0.4021064639091492,0.3752984404563904,0.365828663110733,0.3282862901687622,0.4919685423374176,0.4172855019569397,0.4771920442581177,0.458724170923233,0.4185922741889953,0.3956120312213897,0.2735524773597717,0.3773268759250641,0.2898641228675842,0.1132889837026596,0.0941865891218185,0.0938363596796989,0.0934631675481796,0.0948300212621688,0.1019021496176719,0.0948182791471481,0.0997548401355743,0.1019021496176719,0.132413238286972,0.1317169219255447,0.2148340046405792,0.208706647157669,0.3471294343471527,0.378573089838028,0.2607347965240478,0.279008686542511,0.2344405651092528,0.250896155834198,0.2225946933031082,0.2367207705974578,0.2286169528961181,0.2433906346559524,0.4876046776771545,0.4923216700553894,0.6929518580436707,0.7020137906074524,0.8711840510368347,0.8957101702690125,0.8966911435127257,-0.2271962463855743,-0.3123465776443481,-0.3620482981204986,-0.3124846518039703,0.0202134549617767,-0.3620482981204986,-0.1616688668727874,-0.271948516368866,0.2810147702693939,-0.4129974246025085,-0.0055147819221019,-0.3075971603393554,-0.7139777541160583,0.0677409619092941,-0.8218539953231812,0.0837891399860382,-0.7541313171386719,0.0570077262818813,-0.7099577784538269,0.0777634605765342,0.1902667731046677,-0.1906098425388336,0.4268510043621063,-0.0938402190804481,0.7586423158645629,0.09051114320755,0.7800086736679077,0.0975148230791092,0.5807965397834778,-0.2074155807495117,5,1
0.4184128940105438,0.4029392600059508,0.4019521176815033,0.3750452995300293,0.365664541721344,0.3280573189258575,0.4904299080371856,0.4163397550582886,0.4759402275085448,0.458435982465744,0.417663037776947,0.3954159319400787,0.2735264897346496,0.3776763379573822,0.2898157238960266,0.1133278757333755,0.0941850990056991,0.0938372537493705,0.093470774590969,0.0948276594281196,0.1019288673996925,0.0948175266385078,0.099798783659935,0.1019288673996925,0.1324515044689178,0.1317396908998489,0.2153427898883819,0.2087244689464568,0.348029613494873,0.378564953804016,0.2605881094932556,0.2779845297336578,0.2342642843723296,0.2500941157341003,0.222298502922058,0.2362066507339477,0.228144571185112,0.2428255826234817,0.4878049492835999,0.4925208985805512,0.6928972005844116,0.7020139694213867,0.8711000680923462,0.8957116007804871,0.89668071269989,-0.2277355343103408,-0.3133064806461334,-0.361488252878189,-0.313440442085266,0.0197765491902828,-0.361488252878189,-0.1625550836324691,-0.2732277810573577,0.2808080017566681,-0.4163781106472015,-0.021242618560791,-0.3134850859642029,-0.7452633976936339,0.0614412799477577,-0.8560817241668701,0.0769338980317115,-0.787045180797577,0.0511005595326423,-0.7415559291839598,0.0718714073300361,0.1910649389028549,-0.1914113312959671,0.427994042634964,-0.0961827263236045,0.763950765132904,0.09229776263237,0.786010503768921,0.099587008357048,0.5853430032730104,-0.2067704945802688,5,1
0.4186063408851624,0.4029873311519623,0.4020203053951264,0.3753242790699004,0.3655541837215424,0.3282391726970672,0.4919669628143311,0.4145400226116181,0.4786231219768524,0.4608950018882752,0.4155975878238677,0.3941283822059631,0.2731277048587799,0.377449631690979,0.2892075777053833,0.1132107973098754,0.0940078347921371,0.0936616882681846,0.0933125615119934,0.0946797952055931,0.1019037514925003,0.0946853011846542,0.0997528582811355,0.1019037514925003,0.1324041187763214,0.1316727995872497,0.2167649269104004,0.2087145149707794,0.3540134131908417,0.3785589039325713,0.2596635818481445,0.2740605473518371,0.2303166091442108,0.243430882692337,0.2200613021850585,0.2316573560237884,0.2262921035289764,0.2376158237457275,0.4885077476501465,0.4929326474666595,0.692912995815277,0.7027273774147034,0.8699572682380675,0.8956907987594604,0.8949288129806519,-0.2612154781818389,-0.349037230014801,-0.4060296714305877,-0.3491731286048888,-0.0127049395814538,-0.4060296714305877,-0.1919395625591278,-0.3056833148002624,0.2511246502399444,-0.4426927268505096,-0.0560177788138389,-0.3278526663780212,-0.798418402671814,0.0448928028345108,-0.9108293056488036,0.0597237758338451,-0.8453410863876343,0.0297266617417335,-0.7973783612251282,0.0526074469089508,0.1906257569789886,-0.1909672915935516,0.4787169992923736,-0.0867423042654991,0.8695619106292723,0.12739197909832,0.8974580764770509,0.1367881596088409,0.6957052946090697,-0.1765183359384536,5,1
0.4187816679477692,0.4030993282794952,0.4021493792533874,0.3754031658172608,0.3656525611877441,0.3282913863658905,0.4930860400199889,0.4156175851821899,0.4789256155490875,0.4618928730487824,0.416333258152008,0.3936203122138977,0.2722745537757873,0.3774356544017792,0.2872479259967804,0.1128912791609764,0.0936977863311767,0.0933405831456184,0.0929949879646301,0.0944358855485916,0.1018498539924621,0.0945084244012832,0.0995699465274811,0.1018498539924621,0.1322360783815384,0.1315125226974487,0.217398852109909,0.2086990177631378,0.3559946417808532,0.3781554698944092,0.2605454921722412,0.2710816264152527,0.2308732569217681,0.2407107353210448,0.2199891805648804,0.2286889553070068,0.2262345850467681,0.2344216406345367,0.488471269607544,0.4928091168403625,0.6926520466804504,0.7027187347412108,0.8691146969795227,0.8956392407417297,0.8942597508430482,-0.2605005800724029,-0.3480832278728484,-0.4061069190502167,-0.3482268750667572,-0.0134231066331267,-0.4061069190502167,-0.1916788965463638,-0.3052339553833008,0.2497355937957764,-0.4435278475284576,-0.0503159686923027,-0.3270717859268188,-0.7855160832405089,0.045325893908739,-0.8955654501914978,0.0606919080018997,-0.8319946527481078,0.0312468707561492,-0.7852138876914978,0.0532170198857784,0.1894060522317886,-0.1897498071193695,0.4712637662887572,-0.0872859582304954,0.8495955467224121,0.1255472600460052,0.8760516643524171,0.1346097886562347,0.6730435490608215,-0.1766988784074783,5,1
0.4196839928627014,0.4037602841854096,0.4028430879116058,0.376009613275528,0.3661046028137207,0.3289520740509032,0.4937515556812286,0.4166047275066376,0.4802338778972626,0.4630525708198547,0.4172892272472381,0.3927581310272217,0.2706509828567505,0.3774486482143401,0.2847439348697662,0.1127906218171119,0.0935178771615028,0.0931662023067474,0.0928303152322769,0.0942315831780433,0.1015684828162193,0.0942803770303726,0.0993012338876724,0.1015684828162193,0.1322206407785415,0.1314496397972107,0.2175157517194748,0.2086760699748993,0.3570276498794556,0.3779867887496948,0.2608396410942077,0.2706145942211151,0.2302156239748,0.2405493706464767,0.2186664342880248,0.2284541577100753,0.2252040803432465,0.2342937290668487,0.4878849387168884,0.4924727380275726,0.6917375326156616,0.7022171020507812,0.8679377436637878,0.8955038189888,0.8930789828300477,-0.262963593006134,-0.3511800765991211,-0.4110466837882996,-0.3513300716876984,-0.015332224778831,-0.4110466837882996,-0.194066047668457,-0.3084682524204254,0.245767056941986,-0.4461865425109863,-0.0593920424580574,-0.3276220560073852,-0.8080155253410339,0.0444040521979332,-0.9195966720581056,0.059463083744049,-0.8532030582427977,0.0307171214371919,-0.8067747950553894,0.0526360981166362,0.1873283386230468,-0.1876771301031112,0.4647091329097748,-0.0875354632735252,0.8415461778640747,0.1268820762634277,0.8682470321655273,0.1357673704624176,0.6624046564102173,-0.1771712154150009,5,1
0.4217942655086517,0.4060188829898833,0.4050526916980744,0.3783743679523468,0.367119550704956,0.3307238817214966,0.4986098110675812,0.4167184531688689,0.4973016083240509,0.4728637635707855,0.4176078736782073,0.3896160423755646,0.2686677575111388,0.3773429989814758,0.2828850448131561,0.1129189729690551,0.0935137718915939,0.0931619554758072,0.0928264930844307,0.0942239016294479,0.1013635993003845,0.0942509472370147,0.0991280227899551,0.1013635993003845,0.1323120445013046,0.1314733922481537,0.2167200148105621,0.2086768597364425,0.3571574985980987,0.377994954586029,0.2614279091358185,0.2714153826236725,0.2311232537031173,0.2425451725721359,0.2190591394901276,0.2301797121763229,0.2256502658128738,0.2359805554151535,0.4874894022941589,0.4922606050968169,0.6918106079101562,0.7022327184677124,0.8679540753364563,0.8954991102218629,0.8932161331176759,-0.2498975545167922,-0.3407362401485443,-0.4079866111278533,-0.340833842754364,-0.0095768859609961,-0.4079866111278533,-0.1822748184204101,-0.3003928959369659,0.2545159757137298,-0.4453723430633545,-0.0257746409624814,-0.3249704241752624,-0.7644165158271788,0.04724907502532,-0.8675450682640076,0.0653586462140083,-0.8075497150421143,0.0385088250041008,-0.7656652927398682,0.0563229508697986,0.1872078627347946,-0.1875413209199905,0.463264673948288,-0.087930329144001,0.8330209255218506,0.1119214445352554,0.8587090969085692,0.119354248046875,0.6593374609947205,-0.187272384762764,5,1
0.4236361682415008,0.407756209373474,0.4066860973834992,0.3819240927696228,0.3683700561523437,0.3346207737922668,0.505842924118042,0.4345197975635528,0.510790765285492,0.4860440194606781,0.4403001964092255,0.3830433785915375,0.2649635672569275,0.3771164417266845,0.2814781963825226,0.1132309436798095,0.0936507508158683,0.0932624042034149,0.0929107815027236,0.0943799838423728,0.1012755632400512,0.0943295732140541,0.0991248786449432,0.1012755632400512,0.1324785351753235,0.1315368413925171,0.216734617948532,0.206648662686348,0.3581949174404144,0.3745997548103333,0.2617162764072418,0.2725085318088531,0.2308759987354278,0.2439545840024948,0.2165946513414383,0.230022981762886,0.2248733341693878,0.2365813553333282,0.4870354533195496,0.4909568727016449,0.6911684274673462,0.7010940909385681,0.8679034113883971,0.895367443561554,0.8932487368583678,-0.2047238200902938,-0.298223465681076,-0.3988596498966217,-0.298350065946579,0.0221706889569759,-0.3988596498966217,-0.1409245729446411,-0.263626217842102,0.2953580021858215,-0.4472150504589081,0.0854359865188598,-0.3264954388141632,-0.5489087700843811,0.0690355971455574,-0.6394071578979492,0.0932348147034645,-0.5939023494720458,0.0727500915527343,-0.5543805956840515,0.0814413502812385,0.1913372725248336,-0.1915666162967681,0.4482353925704956,-0.116493597626686,0.7909780740737915,0.0599483214318752,0.8132595419883728,0.0659738406538963,0.6280574798583984,-0.2260207235813141,5,1
0.4269081950187683,0.4128369987010956,0.4113467335700989,0.3894394338130951,0.3701100647449493,0.3417783975601196,0.5354854464530945,0.46981281042099,0.5484943985939026,0.5251873135566713,0.4827748537063599,0.3793671131134032,0.2631358802318573,0.3756210803985596,0.280853807926178,0.1134943589568138,0.0937087535858154,0.0933043956756591,0.0929461568593978,0.0944026410579681,0.1003183275461196,0.0943141505122184,0.098921462893486,0.1003183275461196,0.1324864476919174,0.1315329074859619,0.2164860963821411,0.2057312279939651,0.3485143184661864,0.3716768622398376,0.2619158923625946,0.2791051268577576,0.2310547828674316,0.2510169446468352,0.2172845602035522,0.2303519248962402,0.2252518832683563,0.2402332574129105,0.4871397018432616,0.4909682273864745,0.6911843419075012,0.7010373473167419,0.8677229881286621,0.8940656781196593,0.8932374715805053,-0.2124092131853104,-0.3026454746723175,-0.4143917858600616,-0.3028291165828705,0.0211275555193424,-0.4143917858600616,-0.1474059224128723,-0.2648307681083679,0.2903889119625091,-0.488955944776535,0.1024694219231605,-0.3897523283958435,-0.5283676385879517,-0.0061952131800353,-0.6261389851570128,0.0010287563782185,-0.6037037968635559,-0.011423117481172,-0.5445563197135925,0.0077099846675992,0.1988529562950134,-0.1989504247903824,0.4128265380859375,-0.096264861524105,0.7269696593284608,0.1646700203418731,0.7453041076660156,0.1798671334981918,0.5462834835052489,-0.1079954132437706,5,1
0.4309692680835724,0.4176323711872101,0.4155622124671936,0.3967714607715607,0.3715070188045501,0.3499237596988677,0.553802490234375,0.4860290884971618,0.5823513269424438,0.5649346709251404,0.5125173926353456,0.3746209740638733,0.2630989253520965,0.3712676167488097,0.2806666791439056,0.1142392009496688,0.094256654381752,0.0937427878379821,0.0932853072881698,0.09485375136137,0.1000777706503868,0.094442956149578,0.0989236757159233,0.1000777706503868,0.1328054815530776,0.1317494511604309,0.2178385257720947,0.2048928290605544,0.3453723192214966,0.3705536425113677,0.285641461610794,0.3067961931228637,0.2550905346870422,0.2837252616882324,0.2399007827043533,0.258406102657318,0.2488393485546112,0.2680110931396484,0.4875788688659668,0.4911935329437256,0.6911499500274657,0.7010394334793091,0.8677199482917786,0.8931323885917662,0.8935278058052064,-0.2255803197622299,-0.3255878090858459,-0.4554742574691773,-0.3256562650203705,-0.0003095021529588,-0.4554742574691773,-0.162515789270401,-0.2927675247192383,0.2687215805053711,-0.5430923104286194,0.1031911298632621,-0.4912322461605072,-0.5170512199401855,-0.1820856034755706,-0.6188362240791321,-0.1981190145015716,-0.6283404231071472,-0.1988646984100341,-0.5478926301002502,-0.1664411723613739,0.2116323709487915,-0.2115473598241806,0.4057529866695404,-0.0690051689743995,0.7109644412994385,0.2519478797912597,0.727244794368744,0.2731862068176269,0.5288307666778564,-0.0051773400045931,5,1
